"aIdstao"	"aIdbeob"	"Jahr"	"natural_artifical_surfaces"	"mobile_blocks"	"coarse_inorganic_sediments"	"gravel"	"sand_silt"	"fine_sediments"	"coarse_organic_matter"	"moss"	"hydrophytes"	"helophytes"	"algae_clay"	"error"	"v_150"	"v_25_75"	"v_5"	"v_5_25"	"v_75_150"	"flow error"	"MonitoringProgram"
560187	5601871	2010	0	0	0	0	0	0.25	0.375	0	0.375	0	0	NA	0.25	0.5	0.25	0	0	"0"	"BDM"
584243	5842431	2010	0.125	0.125	0.125	0.125	0.125	0	0.125	0	0	0.125	0.125	NA	0	0.375	0.625	0	0	"0"	"BDM"
608219	6082191	2010	0	0	0.125	0.125	0.125	0.125	0.125	0.125	0.25	0	0	NA	1	0	0	0	0	"0"	"BDM"
608259	6082591	2010	0	0.125	0.125	0.125	0.125	0.125	0.25	0	0	0	0.125	NA	0.375	0.625	0	0	0	"0"	"BDM"
626251	6262511	2010	0	0.125	0.125	0.125	0.125	0.125	0.125	0.125	0	0	0.125	NA	0.25	0.125	0.375	0.25	0	"0"	"BDM"
632235	6322351	2010	0	0.125	0.125	0.125	0.125	0.125	0.125	0.25	0	0	0	NA	0.625	0.375	0	0	0	"0"	"BDM"
644243	6442431	2010	0	0.25	0.375	0	0	0.125	0.25	0	0	0	0	NA	0	0.625	0.375	0	0	"0"	"BDM"
650227	6502271	2011	0	0	0	0	0	0.5	0.5	0	0	0	0	NA	1	0	0	0	0	"0"	"BDM"
650267	6502671	2010	0	0.25	0.25	0.125	0.125	0	0.25	0	0	0	0	NA	0	0.125	0.875	0	0	"0"	"BDM"
656251	6562511	2010	0.125	0.25	0.125	0.125	0.125	0.125	0.125	0	0	0	0	NA	0	0	0.75	0.25	0	"0"	"BDM"
662195	6621951	2010	NA	NA	NA	NA	NA	NA	NA	NA	NA	NA	NA	NA	NA	NA	NA	NA	NA	NA	"BDM"
668219	6682191	2011	0	0	0.25	0.125	0	0.125	0.25	0	0	0.25	0	NA	0.5	0.5	0	0	0	"0"	"BDM"
668259	6682591	2010	0	0.25	0.25	0.125	0	0.125	0.25	0	0	0	0	NA	0	0.25	0.5	0.25	0	"0"	"BDM"
674203	6742031	2010	0	0.125	0.375	0.25	0.125	0.125	0	0	0	0	0	NA	0	0.375	0.375	0.25	0	"0"	"BDM"
674243	6742431	2010	0.125	0.25	0.25	0.125	0	0	0.25	0	0	0	0	NA	0.125	0.375	0.375	0.125	0	"0"	"BDM"
686211	6862111	2011	0	0	0.25	0.25	0.25	0	0.25	0	0	0	0	NA	0.125	0.25	0.375	0.25	0	"0"	"BDM"
686251	6862511	2010	0	0.25	0.125	0.125	0	0.125	0	0	0.25	0	0.125	NA	0	0	1	0	0	"0"	"BDM"
692235	6922351	2010	0	0.25	0.25	0.125	0.125	0	0.125	0	0	0	0.125	NA	0	0.25	0.625	0.125	0	"0"	"BDM"
692275	6922751	2010	0	0	0	0.25	0.125	0.125	0.125	0	0.125	0.125	0.125	NA	0.25	0.75	0	0	0	"0"	"BDM"
698259	6982591	2010	0.125	0	0.25	0.25	0.125	0	0.25	0	0	0	0	NA	0	0.5	0.5	0	0	"0"	"BDM"
704243	7042431	2010	0	0.25	0.125	0.125	0.125	0	0.25	0	0	0	0.125	NA	0.125	0.25	0.5	0.125	0	"0"	"BDM"
710227	7102271	2010	0	0.25	0.25	0	0	0	0	0.25	0.125	0	0.125	NA	0	0.5	0.5	0	0	"0"	"BDM"
710267	7102671	2010	0	0.125	0.25	0.25	0.125	0	0.125	0.125	0	0	0	NA	0.125	0.375	0.375	0.125	0	"0"	"BDM"
722115	7221151	2010	0	0.125	0.125	0	0.125	0.125	0.375	0.125	0	0	0	NA	0.375	0	0.5	0.125	0	"0"	"BDM"
728259	7282591	2010	0	0	0.125	0.25	0.125	0.125	0.125	0.125	0.125	0	0	NA	0	0.25	0.5	0.25	0	"0"	"BDM"
740267	7402671	2010	0.125	0.25	0.125	0.125	0.125	0	0.125	0.125	0	0	0	NA	0	0.25	0.75	0	0	"0"	"BDM"
758259	7582591	2010	0.125	0.25	0.125	0.125	0.125	0	0.125	0.125	0	0	0	NA	0	0.5	0.25	0.25	0	"0"	"BDM"
542155	5421551	2010	0.125	0.25	0.125	0.125	0.125	0	0.125	0.125	0	0	0	NA	0	0.5	0.5	0	0	"0"	"BDM"
548219	5482191	2010	0.125	0	0.125	0.125	0	0.125	0.125	0.25	0	0	0.125	NA	0.25	0.25	0.375	0.125	0	"0"	"BDM"
554163	5541631	2010	0.125	0.25	0.125	0.125	0.125	0	0.125	0.125	0	0	0	NA	0	0.25	0.75	0	0	"0"	"BDM"
566131	5661311	2010	0.125	0.25	0.25	0.125	0	0	0.25	0	0	0	0	NA	0.125	0.125	0.5	0.25	0	"0"	"BDM"
566171	5661711	2010	0	0.125	0.25	0.125	0.125	0.125	0.25	0	0	0	0	NA	0	0.375	0.5	0.125	0	"0"	"BDM"
572155	5721551	2010	0	0.25	0.25	0.125	0	0	0.25	0.125	0	0	0	NA	0	0.25	0.625	0.125	0	"0"	"BDM"
578179	5781791	2010	0.25	0.25	0.125	0	0.125	0.125	0.125	0	0	0	0	NA	0.375	0.375	0.25	0	0	"0"	"BDM"
608179	6081791	2010	0	0	0.375	0.125	0.125	0.125	0.125	0.125	0	0	0	NA	0.25	0.75	0	0	0	"0"	"BDM"
614203	6142031	2010	0.125	0.25	0.125	0.125	0.125	0.125	0.125	0	0	0	0	NA	0	0	0.875	0.125	0	"0"	"BDM"
614243	6142431	2010	0	0.25	0.25	0.125	0.125	0	0.25	0	0	0	0	NA	0	0.25	0.5	0.25	0	"0"	"BDM"
620187	6201871	2010	0	0	0.25	0	0	0.125	0.625	0	0	0	0	NA	0.375	0.375	0.25	0	0	"0"	"BDM"
626211	6262111	2010	0	0	0.125	0.125	0.125	0.125	0.25	0.125	0	0.125	0	NA	0.125	0.375	0.5	0	0	"0"	"BDM"
632195	6321951	2010	0	0.25	0.25	0.125	0.125	0	0.125	0	0	0	0.125	NA	0	0.25	0.375	0.375	0	"0"	"BDM"
638219	6382191	2010	0.125	0	0.125	0.125	0.125	0.125	0.25	0	0	0.125	0	NA	0.125	0.25	0.625	0	0	"0"	"BDM"
644163	6441631	2010	0.125	0.125	0.25	0.25	0	0	0	0.25	0	0	0	NA	0	0.5	0.5	0	0	"0"	"BDM"
644203	6442031	2010	0.25	0.25	0.25	0.25	0	0	0	0	0	0	0	NA	0	0.125	0.5	0.375	0	"0"	"BDM"
698219	6982191	2011	0	0	0.125	0.125	0.125	0.125	0.125	0.125	0.125	0	0.125	NA	0	0.125	0.875	0	0	"0"	"BDM"
716131	7161311	2010	0.125	0.125	0.125	0.125	0.125	0	0.25	0.125	0	0	0	NA	0.25	0	0.5	0.25	0	"0"	"BDM"
716251	7162511	2010	0.125	0.125	0.25	0.125	0.125	0	0.125	0.125	0	0	0	NA	0	0.25	0.5	0.25	0	"0"	"BDM"
722235	7222351	2010	0.125	0.25	0.125	0.125	0.125	0	0.125	0.125	0	0	0	NA	0.125	0.25	0.625	0	0	"0"	"BDM"
728219	7282191	2010	0.125	0.25	0.25	0.25	0	0	0.125	0	0	0	0	NA	0	0.25	0.375	0.375	0	"0"	"BDM"
734243	7342431	2010	0.125	0.25	0.125	0.125	0.125	0	0.125	0.125	0	0	0	NA	0.25	0.5	0.25	0	0	"0"	"BDM"
746251	7462511	2010	0	0.25	0.25	0.125	0.125	0	0.25	0	0	0	0	NA	0	0.25	0.75	0	0	"0"	"BDM"
560147	5601471	2010	0.125	0.25	0.125	0.125	0	0	0.125	0.25	0	0	0	NA	0	0.5	0.5	0	0	"0"	"BDM"
578139	5781391	2010	0.125	0.25	0.125	0.125	0	0	0.125	0.25	0	0	0	NA	0	0.375	0.5	0.125	0	"0"	"BDM"
584123	5841231	2010	0.125	0.25	0.125	0.125	0.125	0.125	0.125	0	0	0	0	NA	0.25	0.25	0.25	0.25	0	"0"	"BDM"
590147	5901471	2010	0	0.25	0.25	0.25	0	0.125	0.125	0	0	0	0	NA	0	0.125	0.5	0.375	0	"0"	"BDM"
596171	5961711	2010	0	0.25	0.25	0.125	0	0	0.25	0.125	0	0	0	NA	0	0.25	0.375	0.375	0	"0"	"BDM"
602155	6021551	2010	0	0.25	0.25	0.25	0	0	0.125	0.125	0	0	0	NA	0	0.125	0.375	0.5	0	"0"	"BDM"
650187	6501871	2010	0.125	0.25	0.125	0.125	0.125	0	0.25	0	0	0	0	NA	0.125	0.375	0.5	0	0	"0"	"BDM"
656171	6561711	2010	0.25	0.375	0.25	0.125	0	0	0	0	0	0	0	NA	0	0.25	0.375	0.375	0	"0"	"BDM"
692115	6921151	2010	0.125	0.25	0.25	0.125	0	0	0.25	0	0	0	0	NA	0	0.25	0.5	0.25	0	"0"	"BDM"
692155	6921551	2010	0.125	0.25	0.125	0	0.125	0	0.125	0.25	0	0	0	NA	0	0	0.75	0.25	0	"0"	"BDM"
716171	7161711	2010	0.25	0.25	0.25	0.125	0.125	0	0	0	0	0	0	NA	0.125	0.25	0.375	0.25	0	"0"	"BDM"
728179	7281791	2010	0	0.375	0.25	0.25	0.125	0	0	0	0	0	0	NA	0	0	0.875	0.125	0	"0"	"BDM"
746211	7462111	2010	0.125	0.25	0.25	0.125	0	0	0	0.25	0	0	0	NA	0	0.125	0.5	0.375	0	"0"	"BDM"
764163	7641631	2010	0.25	0.25	0.25	0.125	0	0	0.125	0	0	0	0	NA	0	0	0.625	0.375	0	"0"	"BDM"
770187	7701871	2010	0	0.375	0.25	0.125	0	0.125	0.125	0	0	0	0	NA	0	0.25	0.5	0.25	0	"0"	"BDM"
782195	7821951	2010	0.125	0.25	0.25	0.125	0	0	0.25	0	0	0	0	NA	0	0	0.5	0.5	0	"0"	"BDM"
638179	6381791	2010	0.125	0.125	0.375	0.125	0	0	0.25	0	0	0	0	NA	0.375	0.375	0.25	0	0	"0"	"BDM"
692195	6921951	2010	0.125	0.25	0.25	0.125	0	0	0	0.25	0	0	0	NA	0	0.125	0.375	0.375	0.125	"0"	"BDM"
710107	7101071	2010	0.25	0.25	0.25	0	0	0	0	0.25	0	0	0	NA	0	0	0.5	0.5	0	"0"	"BDM"
710147	7101471	2010	0.125	0.25	0.125	0.125	0.125	0	0.25	0	0	0	0	NA	0	0	0.75	0.25	0	"0"	"BDM"
722195	7221951	2010	0.125	0.375	0.375	0.125	0	0	0	0	0	0	0	NA	0	0	0.375	0.25	0.375	"0"	"BDM"
746171	7461711	2010	0.125	0.125	0.25	0.125	0	0.125	0.25	0	0	0	0	NA	0.75	0.25	0	0	0	"0"	"BDM"
752155	7521551	2010	0.125	0.25	0.125	0.125	0	0.125	0.25	0	0	0	0	NA	0.25	0.5	0.25	0	0	"0"	"BDM"
806131	8061311	2010	0.25	0.25	0.125	0	0	0	0	0.375	0	0	0	NA	0	0.125	0.5	0.375	0	"0"	"BDM"
818179	8181791	2010	0.125	0.375	0.375	0.125	0	0	0	0	0	0	0	NA	0	0.375	0.375	0.25	0	"0"	"BDM"
590107	5901071	2010	0.125	0.25	0.25	0.125	0.125	0	0.125	0	0	0	0	NA	0	0.5	0.25	0.25	0	"0"	"BDM"
608099	6080991	2010	0.125	0.375	0.25	0.125	0.125	0	0	0	0	0	0	NA	0	0.125	0.375	0.5	0	"0"	"BDM"
626131	6261311	2010	0.125	0.25	0.25	0	0	0	0.25	0.125	0	0	0	NA	0	0.25	0.75	0	0	"0"	"BDM"
632155	6321551	2010	0.125	0.25	0.25	0.25	0.125	0	0	0	0	0	0	NA	0.125	0.375	0.375	0.125	0	"0"	"BDM"
650107	6501071	2010	0.125	0.25	0.25	0.125	0.125	0.125	0	0	0	0	0	NA	0.125	0.125	0.625	0.125	0	"0"	"BDM"
656131	6561311	2010	0.125	0.25	0.25	0.125	0	0	0	0.25	0	0	0	NA	0	0.125	0.375	0.5	0	"0"	"BDM"
680147	6801471	2010	0.25	0	0.375	0	0	0	0	0.375	0	0	0	NA	0	0.25	0.375	0.375	0	"0"	"BDM"
704163	7041631	2010	0.25	0.375	0.375	0	0	0	0	0	0	0	0	NA	0	0	0.375	0.375	0.25	"0"	"BDM"
722155	7221551	2010	0.125	0.25	0.25	0.25	0.125	0	0	0	0	0	0	NA	0	0.25	0.375	0.375	0	"0"	"BDM"
758139	7581391	2010	0.25	0.25	0.25	0.25	0	0	0	0	0	0	0	NA	0	0.125	0.5	0.375	0	"0"	"BDM"
770147	7701471	2010	0.125	0.375	0.25	0.125	0	0	0	0.125	0	0	0	NA	0	0	0.5	0.375	0.125	"0"	"BDM"
776171	7761711	2010	0.125	0.25	0.25	0	0	0	0	0.25	0	0	0.125	NA	0	0	0.625	0.375	0	"0"	"BDM"
776211	7762111	2010	0.25	0.25	0.375	0	0	0	0	0.125	0	0	0	NA	0	0	0.375	0.25	0.375	"0"	"BDM"
782155	7821551	2010	0.125	0.5	0.25	0.125	0	0	0	0	0	0	0	NA	0	0	0.5	0.5	0	"0"	"BDM"
788179	7881791	2010	0.25	0.25	0.25	0	0	0	0	0.25	0	0	0	NA	0	0	0.5	0.5	0	"0"	"BDM"
794163	7941631	2010	0.125	0.25	0.25	0.125	0	0	0	0.25	0	0	0	NA	0	0	0.625	0.375	0	"0"	"BDM"
824203	8242031	2010	0.125	0.375	0.375	0	0	0	0.125	0	0	0	0	NA	0	0.125	0.625	0.25	0	"0"	"BDM"
500123	5001231	2011	0.125	0.25	0.125	0.125	0.125	0.125	0.125	0	0	0	0	NA	0	0.5	0.5	0	0	"0"	"BDM"
530163	5301631	2011	0	0.25	0.125	0.125	0.125	0.125	0.25	0	0	0	0	NA	0.125	0.5	0.375	0	0	"0"	"BDM"
542171	5421711	2011	0.125	0.25	0.125	0.125	0.125	0.125	0.125	0	0	0	0	NA	0	0.5	0.5	0	0	"0"	"BDM"
548155	5481551	2011	0.125	0.125	0.125	0.125	0.125	0.125	0.125	0.125	0	0	0	NA	0	0.5	0.5	0	0	"0"	"BDM"
572131	5721311	2011	0.125	0.125	0.25	0.125	0.125	0	0.125	0.125	0	0	0	NA	0.25	0.25	0.5	0	0	"0"	"BDM"
572211	5722111	2011	0.125	0.25	0.25	0.125	0	0	0.125	0	0	0	0.125	NA	0.75	0.25	0	0	0	"0"	"BDM"
572251	5722511	2011	0.125	0	0.25	0.125	0	0	0.125	0.25	0	0	0.125	NA	0.25	0.375	0.375	0	0	"0"	"BDM"
584099	5840991	2011	0.125	0.25	0.25	0.125	0.125	0	0.125	0	0	0	0	NA	0.125	0.25	0.25	0.375	0	"0"	"BDM"
584139	5841391	2011	0.125	0.125	0.125	0.125	0.125	0.125	0.125	0.125	0	0	0	NA	0.125	0.375	0.375	0.125	0	"0"	"BDM"
590163	5901631	2011	0	0	0	0.125	0.375	0.25	0	0	0.25	0	0	NA	1	0	0	0	0	"0"	"BDM"
590203	5902031	2011	0	0	0.25	0.25	0.25	0	0.25	0	0	0	0	NA	0.125	0.5	0.375	0	0	"0"	"BDM"
590243	5902431	2011	0	0.125	0.25	0.125	0	0	0.25	0.25	0	0	0	NA	0.125	0.25	0.5	0.125	0	"0"	"BDM"
596107	5961071	2011	0.125	0.25	0.25	0.125	0.125	0	0.125	0	0	0	0	NA	0	0.25	0.375	0.375	0	"0"	"BDM"
596147	5961471	2011	0.125	0.25	0.25	0.125	0.125	0.125	0	0	0	0	0	NA	0.125	0	0.625	0.25	0	"0"	"BDM"
596187	5961871	2011	0	0	0.25	0.25	0	0.25	0.25	0	0	0	0	NA	0.5	0.5	0	0	0	"0"	"BDM"
602131	6021311	2011	0.125	0.125	0.25	0.125	0.125	0	0.125	0.125	0	0	0	NA	0.25	0.375	0.375	0	0	"0"	"BDM"
602171	6021711	2011	0.125	0.125	0.25	0.125	0	0	0.125	0.25	0	0	0	NA	0.125	0.625	0.25	0	0	"0"	"BDM"
602251	6022511	2011	0	0.375	0.375	0.25	0	0	0	0	0	0	0	NA	0	0.375	0.375	0.25	0	"0"	"BDM"
608115	6081151	2011	0	0.25	0.125	0.25	0.125	0.125	0	0.125	0	0	0	NA	0	0.125	0.875	0	0	"0"	"BDM"
608195	6081951	2011	0.125	0.125	0.125	0.25	0.125	0.125	0.125	0	0	0	0	NA	0.375	0.375	0.25	0	0	"0"	"BDM"
614219	6142191	2011	0.25	0	0	0	0.125	0	0.375	0.25	0	0	0	NA	0	0.375	0.5	0.125	0	"0"	"BDM"
614259	6142591	2011	0.125	0.375	0.25	0.25	0	0	0	0	0	0	0	NA	0.25	0.375	0.375	0	0	"0"	"BDM"
620123	6201231	2011	0.125	0.25	0.125	0.125	0.125	0.125	0.125	0	0	0	0	NA	0.25	0.25	0.375	0.125	0	"0"	"BDM"
620203	6202031	2011	0.125	0.125	0.25	0.125	0.125	0	0.125	0.125	0	0	0	NA	0.125	0.5	0.375	0	0	"0"	"BDM"
620243	6202431	2011	0	0.25	0.25	0.125	0	0	0.25	0.125	0	0	0	NA	0.25	0.25	0.5	0	0	"0"	"BDM"
626107	6261071	2011	0.125	0.25	0.125	0.125	0.125	0.125	0.125	0	0	0	0	NA	0.125	0.25	0.5	0.125	0	"0"	"BDM"
626187	6261871	2011	0	0.125	0.375	0.25	0.125	0	0.125	0	0	0	0	NA	0.375	0.625	0	0	0	"0"	"BDM"
626227	6262271	2011	0	0.125	0.25	0.125	0.25	0	0	0.125	0.125	0	0	NA	0.25	0.5	0.25	0	0	"0"	"BDM"
626267	6262671	2011	0.25	0.25	0.25	0.25	0	0	0	0	0	0	0	NA	0.25	0.125	0.375	0.25	0	"0"	"BDM"
632211	6322111	2011	0	0.125	0.375	0.125	0.125	0.125	0.125	0	0	0	0	NA	0.5	0.25	0.25	0	0	"0"	"BDM"
632251	6322511	2011	0.125	0.25	0.25	0.125	0	0	0.125	0.125	0	0	0	NA	0	0.375	0.625	0	0	"0"	"BDM"
638195	6381951	2011	0.125	0.25	0.25	0.25	0.125	0	0	0	0	0	0	NA	0.125	0.125	0.5	0.25	0	"0"	"BDM"
638235	6382351	2011	0.125	0.25	0.25	0	0	0	0.125	0	0	0	0.25	NA	0	0	0.5	0.5	0	"0"	"BDM"
644099	6440991	2011	0.125	0.25	0.25	0.25	0.125	0	0	0	0	0	0	NA	0	0.25	0.5	0.25	0	"0"	"BDM"
644139	6441391	2011	0.125	0.25	0.25	0.25	0.125	0	0	0	0	0	0	NA	0	0.25	0.5	0.25	0	"0"	"BDM"
644179	6441791	2011	0.125	0.25	0.25	0.25	0	0	0	0.125	0	0	0	NA	0.125	0.125	0.5	0.25	0	"0"	"BDM"
644219	6442191	2011	0	0	0.375	0.125	0.25	0	0.125	0.125	0	0	0	NA	0.5	0.375	0.125	0	0	"0"	"BDM"
650163	6501631	2011	0.25	0.375	0.375	0	0	0	0	0	0	0	0	NA	0	0.25	0.375	0.375	0	"0"	"BDM"
650203	6502031	2011	0.125	0.125	0.25	0.125	0.125	0	0.25	0	0	0	0	NA	0.625	0.375	0	0	0	"0"	"BDM"
650243	6502431	2011	0	0	0.125	0.375	0.375	0	0.125	0	0	0	0	NA	0.25	0.25	0.5	0	0	"0"	"BDM"
656147	6561471	2011	0.25	0.25	0.25	0	0	0	0	0.25	0	0	0	NA	0	0	0.5	0.5	0	"0"	"BDM"
656187	6561871	2011	0	0.375	0.375	0.25	0	0	0	0	0	0	0	NA	0	0.375	0.375	0.25	0	"0"	"BDM"
656227	6562271	2011	0	0	0	0	0.25	0	0	0	0.375	0	0.375	NA	0	0.375	0.625	0	0	"0"	"BDM"
662251	6622511	2011	0.125	0.125	0.125	0.125	0.125	0.125	0.125	0.125	0	0	0	NA	0	0.5	0.5	0	0	"0"	"BDM"
668155	6681551	2011	0.125	0.25	0.25	0.25	0.125	0	0	0	0	0	0	NA	0	0.125	0.5	0.375	0	"0"	"BDM"
668235	6682351	2011	0.125	0.25	0.25	0.125	0	0	0.25	0	0	0	0	NA	0	0.25	0.375	0.375	0	"0"	"BDM"
674179	6741791	2011	0.125	0.25	0.25	0.25	0.125	0	0	0	0	0	0	NA	0	0.25	0.5	0.25	0	"0"	"BDM"
674219	6742191	2011	0.125	0.25	0.25	0.125	0.125	0	0.125	0	0	0	0	NA	0.25	0.25	0.5	0	0	"0"	"BDM"
680123	6801231	2011	0.375	0.375	0.25	0	0	0	0	0	0	0	0	NA	0	0	0.625	0.25	0.125	"0"	"BDM"
680243	6802431	2011	0	0.25	0.25	0.125	0.125	0	0.25	0	0	0	0	NA	0	0.625	0.375	0	0	"0"	"BDM"
680283	6802831	2011	0.25	0.125	0	0	0.25	0	0.375	0	0	0	0	NA	0.125	0.375	0.5	0	0	"0"	"BDM"
686187	6861871	2011	0.125	0.25	0.25	0.25	0.125	0	0	0	0	0	0	NA	0	0.125	0.5	0.375	0	"0"	"BDM"
686267	6862671	2011	0.125	0	0.25	0.125	0.125	0	0.375	0	0	0	0	NA	0	0.5	0.5	0	0	"0"	"BDM"
692131	6921311	2011	0.125	0.125	0.125	0.125	0	0	0.125	0.125	0	0.125	0.125	NA	0.125	0.375	0.5	0	0	"0"	"BDM"
692211	6922111	2011	0.125	0	0.25	0.125	0.125	0	0.25	0.125	0	0	0	NA	0.5	0.375	0.125	0	0	"0"	"BDM"
698115	6981151	2011	0.125	0.25	0.25	0.25	0.125	0	0	0	0	0	0	NA	0.125	0.125	0.5	0.25	0	"0"	"BDM"
698155	6981551	2011	0.125	0.25	0.125	0.125	0.125	0	0.125	0.125	0	0	0	NA	0.125	0.25	0.5	0.125	0	"0"	"BDM"
698235	6982351	2011	0.125	0.25	0.125	0.125	0	0.125	0.125	0.125	0	0	0	NA	0	0.25	0.75	0	0	"0"	"BDM"
704179	7041791	2011	0.125	0.25	0.25	0.25	0.125	0	0	0	0	0	0	NA	0	0	0.625	0.375	0	"0"	"BDM"
704219	7042191	2011	0.125	0.25	0.25	0.125	0.125	0	0.125	0	0	0	0	NA	0	0.5	0.5	0	0	"0"	"BDM"
704259	7042591	2011	0.125	0	0.25	0.25	0	0	0	0	0.25	0	0.125	NA	0	0.375	0.625	0	0	"0"	"BDM"
710123	7101231	2011	0.25	0.375	0.25	0.125	0	0	0	0	0	0	0	NA	0	0.375	0.375	0.25	0	"0"	"BDM"
710243	7102431	2011	0.125	0.125	0.125	0.25	0.125	0	0.25	0	0	0	0	NA	0	0.375	0.625	0	0	"0"	"BDM"
716107	7161071	2011	0.25	0.25	0.25	0.125	0.125	0	0	0	0	0	0	NA	0	0	0.625	0.375	0	"0"	"BDM"
716187	7161871	2011	0.125	0.25	0.25	0.125	0	0	0	0.25	0	0	0	NA	0	0.25	0.625	0.125	0	"0"	"BDM"
716227	7162271	2011	0.25	0	0.125	0	0	0.25	0.375	0	0	0	0	NA	0	0	1	0	0	"0"	"BDM"
716267	7162671	2011	0	0	0.25	0.25	0.25	0	0.25	0	0	0	0	NA	0.125	0.5	0.375	0	0	"0"	"BDM"
722131	7221311	2011	0.25	0.25	0.25	0.25	0	0	0	0	0	0	0	NA	0	0.125	0.5	0.375	0	"0"	"BDM"
722171	7221711	2011	0.125	0.25	0.25	0.125	0	0	0	0.25	0	0	0	NA	0	0.125	0.5	0.375	0	"0"	"BDM"
722211	7222111	2011	0.125	0.25	0.125	0	0.125	0.125	0.25	0	0	0	0	NA	0	0.375	0.5	0.125	0	"0"	"BDM"
722251	7222511	2011	0.125	0.25	0.125	0.125	0	0	0.25	0.125	0	0	0	NA	0	0.25	0.75	0	0	"0"	"BDM"
728155	7281551	2011	0.125	0.25	0.25	0	0.125	0	0	0.25	0	0	0	NA	0	0.125	0.5	0.375	0	"0"	"BDM"
728195	7281951	2011	0.125	0.25	0.25	0.125	0.125	0.125	0	0	0	0	0	NA	0	0.125	0.625	0.25	0	"0"	"BDM"
728235	7282351	2011	0.125	0	0.25	0.25	0	0	0	0.25	0	0	0.125	NA	0	0.5	0.5	0	0	"0"	"BDM"
734179	7341791	2011	0.125	0.25	0.125	0.125	0.125	0.125	0.125	0	0	0	0	NA	0	0.5	0.5	0	0	"0"	"BDM"
734219	7342191	2011	0.25	0	0	0	0	0.25	0	0.25	0	0	0.25	NA	0	0.5	0.5	0	0	"0"	"BDM"
734259	7342591	2011	0	0.25	0.25	0.125	0	0.125	0.25	0	0	0	0	NA	0	0.5	0.5	0	0	"0"	"BDM"
740163	7401631	2011	0.25	0.25	0.25	0.25	0	0	0	0	0	0	0	NA	0	0.25	0.5	0.25	0	"0"	"BDM"
740203	7402031	2011	0.125	0.25	0.25	0	0	0.125	0	0.25	0	0	0	NA	0	0.25	0.625	0.125	0	"0"	"BDM"
740243	7402431	2011	0.125	0.25	0.25	0.25	0.125	0	0	0	0	0	0	NA	0	0.5	0.375	0.125	0	"0"	"BDM"
746187	7461871	2011	0.5	0	0	0.375	0	0	0.125	0	0	0	0	NA	0	0	1	0	0	"0"	"BDM"
746227	7462271	2011	0	0	0.375	0	0.25	0	0.375	0	0	0	0	NA	0.375	0.375	0.25	0	0	"0"	"BDM"
746267	7462671	2011	0.125	0.125	0.125	0.125	0.125	0.125	0.125	0	0	0	0.125	NA	0.125	0.125	0.75	0	0	"0"	"BDM"
752171	7521711	2011	0.125	0.25	0.375	0.125	0	0.125	0	0	0	0	0	NA	0	0.125	0.875	0	0	"0"	"BDM"
752211	7522111	2011	0.5	0	0	0	0	0	0.5	0	0	0	0	NA	0	1	0	0	0	"0"	"BDM"
752251	7522511	2011	0	0.25	0.25	0.25	0.25	0	0	0	0	0	0	NA	0.125	0.5	0.375	0	0	"0"	"BDM"
758195	7581951	2011	0.25	0.25	0.125	0.125	0.125	0.125	0	0	0	0	0	NA	0	0.25	0.625	0.125	0	"0"	"BDM"
764139	7641391	2011	0.125	0.25	0.125	0.25	0	0.125	0.125	0	0	0	0	NA	0.125	0.125	0.625	0.125	0	"0"	"BDM"
776187	7761871	2011	0.125	0.25	0.25	0.25	0	0	0	0	0	0	0.125	NA	0	0.125	0.625	0.25	0	"0"	"BDM"
794179	7941791	2011	0.25	0.25	0.25	0.25	0	0	0	0	0	0	0	NA	0	0	0.5	0.5	0	"0"	"BDM"
806187	8061871	2011	0.125	0.25	0.25	0.25	0.125	0	0	0	0	0	0	NA	0	0	0.625	0.375	0	"0"	"BDM"
812171	8121711	2011	0.125	0.375	0.375	0.125	0	0	0	0	0	0	0	NA	0	0	0.375	0.5	0.125	"0"	"BDM"
818195	8181951	2011	0.125	0.5	0.375	0	0	0	0	0	0	0	0	NA	0	0.25	0.5	0.25	0	"0"	"BDM"
824179	8241791	2011	0.125	0.5	0.375	0	0	0	0	0	0	0	0	NA	0	0.25	0.5	0.25	0	"0"	"BDM"
830163	8301631	2011	0.125	0.25	0.25	0	0	0	0	0.375	0	0	0	NA	0	0.25	0.5	0.25	0	"0"	"BDM"
830203	8302031	2011	0.125	0.25	0.25	0.25	0.125	0	0	0	0	0	0	NA	0	0	0.625	0.375	0	"0"	"BDM"
728115	7281151	2011	0.125	0	0.375	0	0	0	0.25	0.25	0	0	0	NA	0	0.125	0.625	0.25	0	"0"	"BDM"
524155	5241551	2012	0.125	0.125	0.125	0.125	0.125	0.125	0.125	0.125	0	0	0	NA	0	0.25	0.75	0	0	"0"	"BDM"
536163	5361631	2012	0.125	0.25	0.125	0.125	0.125	0.125	0.125	0	0	0	0	NA	0	0.5	0.5	0	0	"0"	"BDM"
560139	5601391	2012	0.125	0.25	0.125	0.125	0.125	0.125	0.125	0	0	0	0	NA	0.25	0.125	0.375	0.25	0	"0"	"BDM"
560179	5601791	2012	0.125	0	0.125	0.25	0.125	0.125	0.25	0	0	0	0	NA	0.125	0.625	0.25	0	0	"0"	"BDM"
572107	5721071	2012	0	0	0	0	0	0.5	0.125	0	0.125	0.125	0.125	NA	0	0.5	0.5	0	0	"0"	"BDM"
578251	5782511	2012	0	0	0.25	0.25	0	0	0.25	0	0	0	0.25	NA	0.375	0.5	0.125	0	0	"0"	"BDM"
584195	5841951	2012	NA	NA	NA	NA	NA	NA	NA	NA	NA	NA	NA	NA	NA	NA	NA	NA	NA	NA	"BDM"
590219	5902191	2012	0	0	0	0.125	0	0.25	0.25	0	0.25	0.125	0	NA	0.375	0.625	0	0	0	"0"	"BDM"
620219	6202191	2012	0	0.125	0.125	0.125	0.125	0.125	0.125	0.125	0	0.125	0	NA	0.375	0.25	0.375	0	0	"0"	"BDM"
620259	6202591	2012	0	0.375	0.25	0.125	0	0	0.25	0	0	0	0	NA	0	0.25	0.5	0.25	0	"0"	"BDM"
632227	6322271	2012	0.25	0.25	0.25	0.125	0.125	0	0	0	0	0	0	NA	0.125	0.375	0.375	0.125	0	"0"	"BDM"
638251	6382511	2012	0	0.25	0.125	0.125	0	0.125	0.125	0.25	0	0	0	NA	0.125	0.375	0.375	0.125	0	"0"	"BDM"
644235	6442351	2012	0.25	0	0.25	0	0.125	0.125	0.25	0	0	0	0	NA	0.625	0.375	0	0	0	"0"	"BDM"
668251	6682511	2012	0	0.25	0.375	0.125	0	0	0.25	0	0	0	0	NA	0	0.5	0.5	0	0	"0"	"BDM"
674235	6742351	2012	0.125	0.25	0.125	0.125	0	0	0.125	0	0	0.125	0.125	NA	0.125	0.375	0.5	0	0	"0"	"BDM"
680259	6802591	2012	0.125	0.25	0.125	0	0	0.125	0	0	0.375	0	0	NA	0	0.25	0.75	0	0	"0"	"BDM"
686243	6862431	2012	0.125	0.25	0.25	0.125	0.125	0	0.125	0	0	0	0	NA	0.125	0.375	0.5	0	0	"0"	"BDM"
698251	6982511	2012	0	0.25	0.125	0.125	0.125	0	0.125	0.125	0	0	0.125	NA	0	0.25	0.75	0	0	"0"	"BDM"
704235	7042351	2012	0.125	0.125	0.125	0.125	0.25	0	0.25	0	0	0	0	NA	0	0.375	0.625	0	0	"0"	"BDM"
704275	7042751	2012	0	0.125	0.25	0.125	0.125	0.125	0.25	0	0	0	0	NA	0.125	0.5	0.375	0	0	"0"	"BDM"
710139	7101391	2012	0	0.25	0.25	0.125	0.125	0.25	0	0	0	0	0	NA	0	0.125	0.625	0.25	0	"0"	"BDM"
710259	7102591	2012	0.125	0	0.25	0.125	0	0	0	0.25	0.125	0	0.125	NA	0	0.25	0.75	0	0	"0"	"BDM"
722227	7222271	2012	0.5	0	0	0	0	0	0	0.5	0	0	0	NA	0	0.125	0.75	0.125	0	"0"	"BDM"
722267	7222671	2012	0.125	0	0.25	0.125	0.125	0.125	0.125	0	0	0	0.125	NA	0	0.375	0.5	0.125	0	"0"	"BDM"
734275	7342751	2012	0.125	0.125	0.125	0.125	0.125	0.125	0	0.125	0	0	0.125	NA	0	0.125	0.5	0.375	0	"0"	"BDM"
752187	7521871	2012	0.25	0.25	0.25	0.125	0	0	0.125	0	0	0	0	NA	0	0	0.625	0.375	0	"0"	"BDM"
752227	7522271	2012	0.625	0	0	0	0	0	0	0	0	0	0.375	NA	0	0	0.625	0.375	0	"0"	"BDM"
500139	5001391	2012	0.125	0.125	0.125	0.125	0.125	0.125	0.125	0.125	0	0	0	NA	0.125	0.5	0.375	0	0	"0"	"BDM"
554155	5541551	2012	0.125	0.25	0.125	0.125	0.125	0	0	0.25	0	0	0	NA	0	0	0.75	0.25	0	"0"	"BDM"
560219	5602191	2012	0	0	0.25	0.25	0	0	0.25	0.25	0	0	0	NA	0	0.5	0.5	0	0	"0"	"BDM"
566163	5661631	2012	0	0.375	0.125	0.125	0	0.125	0.125	0.125	0	0	0	NA	0.375	0.375	0.25	0	0	"0"	"BDM"
578171	5781711	2012	0	0.125	0.25	0.25	0.125	0	0.25	0	0	0	0	NA	0.25	0.375	0.375	0	0	"0"	"BDM"
590179	5901791	2012	0	0.25	0.125	0.125	0.125	0	0.125	0.125	0.125	0	0	NA	0.25	0.375	0.375	0	0	"0"	"BDM"
596123	5961231	2012	0.125	0	0.25	0.375	0.125	0	0.125	0	0	0	0	NA	0	0.25	0.5	0.25	0	"0"	"BDM"
596163	5961631	2012	0.125	0.125	0.25	0.125	0.125	0	0.125	0.125	0	0	0	NA	0.25	0.5	0.25	0	0	"0"	"BDM"
620179	6201791	2012	0	0	0.375	0.25	0.125	0	0	0	0	0.25	0	NA	0.25	0.375	0.25	0.125	0	"0"	"BDM"
626203	6262031	2012	0	0.125	0.25	0.25	0.125	0	0	0.125	0	0.125	0	NA	0	0.625	0.375	0	0	"0"	"BDM"
626243	6262431	2012	0	0.25	0.25	0.125	0.125	0	0.25	0	0	0	0	NA	0	0.375	0.625	0	0	"0"	"BDM"
638211	6382111	2012	0	0	0.25	0.25	0	0.25	0.25	0	0	0	0	NA	0.125	0.5	0.375	0	0	"0"	"BDM"
644195	6441951	2012	0.125	0.25	0.25	0.25	0	0	0	0	0	0	0.125	NA	0.125	0.125	0.375	0.375	0	"0"	"BDM"
704115	7041151	2012	0	0.375	0.125	0.125	0	0	0.125	0.25	0	0	0	NA	0	0.25	0.75	0	0	"0"	"BDM"
710099	7100991	2012	0.25	0.25	0.125	NA	0.125	NA	0.125	NA	NA	NA	NA	"substrate area= 0.875"	NA	NA	0.5	0.375	NA	"flow area= 0.875"	"BDM"
710219	7102191	2012	0	0.25	0.375	0.125	0	0.125	0	0.125	0	0	0	NA	0.375	0.375	0.25	0	0	"0"	"BDM"
716083	7160831	2012	0	0	0.5	0	0	0	0.5	0	0	0	0	NA	0	1	0	0	0	"0"	"BDM"
716243	7162431	2012	0.125	0.25	0.25	0.125	0	0	0.25	0	0	0	0	NA	0	0.375	0.5	0.125	0	"0"	"BDM"
740259	7402591	2012	0	0	0.25	0.25	0.25	0	0.25	0	0	0	0	NA	0.125	0.625	0.25	0	0	"0"	"BDM"
746243	7462431	2012	0.125	0.25	0.25	0.125	0.125	0	0	0	0	0	0.125	NA	0	0.25	0.5	0.25	0	"0"	"BDM"
758251	7582511	2012	0.125	0.25	0.125	0.125	0.125	0	0.25	0	0	0	0	NA	0	0.375	0.625	0	0	"0"	"BDM"
578131	5781311	2012	0.125	0.25	0.25	0.125	0.125	0	0.125	0	0	0	0	NA	0	0.125	0.5	0.375	0	"0"	"BDM"
632187	6321871	2012	0	0	0.375	0.25	0.25	0.125	0	0	0	0	0	NA	0.5	0.5	0	0	0	"0"	"BDM"
656203	6562031	2012	0.125	0.125	0.125	0.125	0.125	0	0.125	0.125	0	0	0.125	NA	0	0.125	0.875	0	0	"0"	"BDM"
674195	6741951	2012	0.125	0.25	0.25	0.125	0	0	0.25	0	0	0	0	NA	0	0.25	0.5	0.25	0	"0"	"BDM"
716123	7161231	2012	0.25	0.25	0.25	0.25	0	0	0	0	0	0	0	NA	0	0.125	0.5	0.375	0	"0"	"BDM"
722107	7221071	2012	0	0.125	0.125	0.25	0	0	0.25	0.25	0	0	0	NA	0	0	0.25	0.625	0.125	"0"	"BDM"
764195	7641951	2012	0.25	0.25	0.25	0	0	0	0.125	0.125	0	0	0	NA	0	0	0.125	0.625	0.25	"0"	"BDM"
554115	5541151	2012	0.125	0.25	0.25	0.125	0	0	0.25	0	0	0	0	NA	0	0	0.625	0.375	0	"0"	"BDM"
578091	5780911	2012	0.125	0.25	0.125	0.125	0.125	0	0.25	0	0	0	0	NA	0	0.125	0.75	0.125	0	"0"	"BDM"
584155	5841551	2012	0	0.25	0.25	0.25	0	0	0.25	0	0	0	0	NA	0	0	0.5	0.5	0	"0"	"BDM"
590139	5901391	2012	0.125	0.25	0.25	0.125	0	0	0.25	0	0	0	0	NA	0	0	0.625	0.375	0	"0"	"BDM"
602107	6021071	2012	0.125	0.375	0.25	0.125	0.125	0	0	0	0	0	0	NA	0	0	0.25	0.5	0.25	"0"	"BDM"
608171	6081711	2012	0.125	0.25	0.125	0.125	0.125	0	0	0.25	0	0	0	NA	0	0.25	0.625	0.125	0	"0"	"BDM"
626123	6261231	2012	0.125	0.25	0.25	0.125	0.125	0	0.125	0	0	0	0	NA	0	0.125	0.5	0.375	0	"0"	"BDM"
626163	6261631	2012	0.25	0.25	0.25	0	0	0	0.25	0	0	0	0	NA	0	0.125	0.5	0.375	0	"0"	"BDM"
638131	6381311	2012	0.125	0.25	0.25	0.25	0.125	0	0	0	0	0	0	NA	0	0.25	0.5	0.25	0	"0"	"BDM"
686163	6861631	2012	0.25	0.25	0.25	0	0.25	0	0	0	0	0	0	NA	0	0.125	0.5	0.375	0	"0"	"BDM"
698211	6982111	2012	0.125	0.125	0.25	0.25	0	0	0.25	0	0	0	0	NA	0.125	0.25	0.5	0.125	0	"0"	"BDM"
704195	7041951	2012	0.25	0.25	0.25	0.25	0	0	0	0	0	0	0	NA	0	0.125	0.5	0.375	0	"0"	"BDM"
710179	7101791	2012	0.25	0.375	0.375	0	0	0	0	0	0	0	0	NA	0	0.25	0.375	0.375	0	"0"	"BDM"
722147	7221471	2012	0.25	0.375	0.375	0	0	0	0	0	0	0	0	NA	0.125	0.25	0.375	0.25	0	"0"	"BDM"
770139	7701391	2012	0.25	0.5	0	0.25	0	0	0	0	0	0	0	NA	0	0	0.625	0.375	0	"0"	"BDM"
776203	7762031	2012	0.125	0.25	0.25	0	0	0	0.25	0.125	0	0	0	NA	0	0	0.375	0.5	0.125	"0"	"BDM"
590099	5900991	2012	0.125	0.25	0.25	0.125	0	0	0	0.25	0	0	0	NA	0	0	0.625	0.375	0	"0"	"BDM"
644115	6441151	2012	0.25	0.25	0.25	0	0.25	0	0	0	0	0	0	NA	0	0.125	0.5	0.375	0	"0"	"BDM"
650139	6501391	2012	0.125	0.25	0	0.125	0	0	0.25	0.25	0	0	0	NA	0	0	0.5	0.5	0	"0"	"BDM"
674155	6741551	2012	0.25	0.375	0.375	0	0	0	0	0	0	0	0	NA	0	0.25	0.375	0.375	0	"0"	"BDM"
680139	6801391	2012	0.25	0.25	0.25	0.25	0	0	0	0	0	0	0	NA	0.125	0.125	0.375	0.375	0	"0"	"BDM"
680179	6801791	2012	0.25	0.25	0.25	0.25	0	0	0	0	0	0	0	NA	0	0.125	0.5	0.375	0	"0"	"BDM"
686123	6861231	2012	0.25	0.375	0.375	0	0	0	0	0	0	0	0	NA	0	0.25	0.375	0.375	0	"0"	"BDM"
716163	7161631	2012	0	0.25	0.25	0.125	0.125	0	0	0.25	0	0	0	NA	0.125	0.25	0.625	0	0	"0"	"BDM"
722187	7221871	2012	0.25	0.25	0.25	0.25	0	0	0	0	0	0	0	NA	0	0.125	0.5	0.375	0	"0"	"BDM"
734155	7341551	2012	0.25	0.25	0.25	0.125	0	0	0	0.125	0	0	0	NA	0	0	0.5	0.5	0	"0"	"BDM"
746163	7461631	2012	0.125	0.25	0.25	0	0	0	0	0.25	0	0	0.125	NA	0	0	0.625	0.375	0	"0"	"BDM"
746203	7462031	2012	0.25	0.25	0.25	0.25	0	0	0	0	0	0	0	NA	0	0.125	0.125	0.375	0.375	"0"	"BDM"
770179	7701791	2012	0.125	0.25	0.25	0.25	0.125	0	0	0	0	0	0	NA	0	0.125	0.25	0.375	0.25	"0"	"BDM"
782147	7821471	2012	0.375	0.375	0.25	0	0	0	0	0	0	0	0	NA	0	0	0.375	0.375	0.25	"0"	"BDM"
782187	7821871	2012	0.25	0.25	0.25	0.25	0	0	0	0	0	0	0	NA	0	0	0.5	0.5	0	"0"	"BDM"
788171	7881711	2012	0.25	0.25	0.25	0.25	0	0	0	0	0	0	0	NA	0	0	0.5	0.5	0	"0"	"BDM"
800139	8001391	2012	0	0.375	0.25	0	0	0	0	0.375	0	0	0	NA	0	0.375	0.375	0.25	0	"0"	"BDM"
800179	8001791	2012	0.25	0.25	0.25	0	0	0	0	0.25	0	0	0	NA	0	0	0.125	0.5	0.375	"0"	"BDM"
818171	8181711	2012	0.5	0.125	0.125	0.25	0	0	0	0	0	0	0	NA	0	0.125	0.5	0.375	0	"0"	"BDM"
824195	8241951	2012	0.125	0.625	0.25	0	0	0	0	0	0	0	0	NA	0	0	0.375	0.5	0.125	"0"	"BDM"
506139	5061391	2013	0.125	0.25	0.25	0.125	0.125	0	0.125	0	0	0	0	NA	0	0.5	0.375	0.125	0	"0"	"BDM"
518147	5181471	2013	0.125	0.25	0.25	0.125	0.125	0	0.125	0	0	0	0	NA	0.125	0.375	0.5	0	0	"0"	"BDM"
530155	5301551	2013	0	0.125	0.25	0.125	0.125	0.125	0.25	0	0	0	0	NA	0.375	0.125	0.25	0.25	0	"0"	"BDM"
524171	5241711	2013	0	0.25	0.125	0.125	0.125	0	0.125	0.25	0	0	0	NA	0	0.125	0.625	0.25	0	"0"	"BDM"
536179	5361791	2013	0.25	0	0	0	0.25	0.25	0.25	0	0	0	0	NA	0	0.875	0.125	0	0	"0"	"BDM"
548147	5481471	2013	0.125	0.125	0.125	0.125	0.125	0.125	0.125	0.125	0	0	0	NA	0.125	0.125	0.625	0.125	0	"0"	"BDM"
554131	5541311	2013	0.125	0.25	0.125	0.125	0.125	0	0.125	0.125	0	0	0	NA	0	0.125	0.75	0.125	0	"0"	"BDM"
554171	5541711	2013	0.125	0.25	0.125	0	0.125	0	0.125	0.125	0.125	0	0	NA	0	0.25	0.5	0.25	0	"0"	"BDM"
560155	5601551	2013	0	0	0.25	0.25	0.125	0	0.25	0	0.125	0	0	NA	0.125	0.625	0.25	0	0	"0"	"BDM"
566139	5661391	2013	0.125	0.25	0.125	0.125	0.125	0	0.125	0.125	0	0	0	NA	0	0.125	0.5	0.375	0	"0"	"BDM"
566179	5661791	2013	0	0.25	0.125	0.125	0.125	0.125	0.25	0	0	0	0	NA	0	0.5	0.5	0	0	"0"	"BDM"
566219	5662191	2013	0	0	0.25	0.25	0	0.125	0.25	0	0	0.125	0	NA	0.125	0.5	0.375	0	0	"0"	"BDM"
572083	5720831	2013	0	0.25	0.125	0.125	0	0	0.25	0.25	0	0	0	NA	0	0	0.625	0.375	0	"0"	"BDM"
572163	5721631	2013	0	0.125	0.125	0.125	0.125	0.125	0.125	0.125	0.125	0	0	NA	0.125	0.375	0.5	0	0	"0"	"BDM"
578147	5781471	2013	0.125	0.25	0.125	0.125	0.125	0.125	0.125	0	0	0	0	NA	0	0.375	0.625	0	0	"0"	"BDM"
578227	5782271	2013	0.125	0	0.25	0.25	0	0	0.25	0	0	0	0.125	NA	0	0.375	0.625	0	0	"0"	"BDM"
584091	5840911	2013	0.125	0.25	0.125	0.125	0.125	0	0.25	0	0	0	0	NA	0	0.25	0.625	0.125	0	"0"	"BDM"
584171	5841711	2013	0.125	0	0.25	0.25	0.125	0	0.25	0	0	0	0	NA	0.25	0.375	0.375	0	0	"0"	"BDM"
584251	5842511	2013	0.125	0.25	0.375	0.25	0	0	0	0	0	0	0	NA	1	0	0	0	0	"0"	"BDM"
590115	5901151	2013	0.125	0.25	0.25	0.125	0.125	0	0.125	0	0	0	0	NA	0	0.125	0.5	0.375	0	"0"	"BDM"
590155	5901551	2013	0.125	0.25	0.125	0.125	0.125	0	0.125	0.125	0	0	0	NA	0	0.125	0.625	0.25	0	"0"	"BDM"
596099	5960991	2013	0.125	0.375	0.375	0.125	0	0	0	0	0	0	0	NA	0	0	0.875	0.125	0	"0"	"BDM"
596139	5961391	2013	0	0	0.375	0.375	0	0	0	0	0	0.25	0	NA	0.5	0.5	0	0	0	"0"	"BDM"
590195	5901951	2013	0	0	0.25	0.25	0.125	0	0.375	0	0	0	0	NA	0.375	0.375	0.25	0	0	"0"	"BDM"
590235	5902351	2013	0.125	0.25	0.125	0.125	0.125	0.125	0.125	0	0	0	0	NA	0.125	0.125	0.625	0.125	0	"0"	"BDM"
596179	5961791	2013	0.125	0.25	0.25	0.25	0.125	0	0	0	0	0	0	NA	0.125	0.125	0.5	0.25	0	"0"	"BDM"
602123	6021231	2013	0.125	0	0.25	0	0	0.125	0.125	0	0.25	0	0.125	NA	0	1	0	0	0	"0"	"BDM"
602147	6021471	2013	0.25	0.25	0.25	0.25	0	0	0	0	0	0	0	NA	0.125	0.125	0.375	0.375	0	"0"	"BDM"
602203	6022031	2013	0	0	0	0	0	0	0	0.5	0	0	0.5	NA	0	0	0.25	0.375	0.375	"0"	"BDM"
602243	6022431	2013	0.25	0.25	0.125	0.125	0	0	0	0.25	0	0	0	NA	0	0	0.625	0.375	0	"0"	"BDM"
608131	6081311	2013	0.125	0.375	0.25	0.125	0.125	0	0	0	0	0	0	NA	0	0	0.5	0.5	0	"0"	"BDM"
608147	6081471	2013	0.25	0.25	0.25	0.25	0	0	0	0	0	0	0	NA	0.125	0.125	0.375	0.375	0	"0"	"BDM"
608227	6082271	2013	0	0	0	0	0	0.25	0.5	0	0	0.25	0	NA	0.5	0.5	0	0	0	"0"	"BDM"
608267	6082671	2013	0.125	0	0	0.25	0.125	0.125	0.375	0	0	0	0	NA	0	0.375	0.625	0	0	"0"	"BDM"
614131	6141311	2013	0.125	0.25	0.25	0.125	0.125	0	0.125	0	0	0	0	NA	0.125	0.125	0.375	0.375	0	"0"	"BDM"
614171	6141711	2013	0.125	0.25	0.25	0.25	0.125	0	0	0	0	0	0	NA	0.125	0.125	0.5	0.25	0	"0"	"BDM"
614211	6142111	2013	0.375	0.25	0	0	0	0	0	0.375	0	0	0	NA	0.125	0.25	0.125	0.375	0.125	"0"	"BDM"
620115	6201151	2013	0.125	0.25	0.125	0.125	0.125	0	0	0.125	0	0	0.125	NA	0	0	0.875	0.125	0	"0"	"BDM"
620195	6201951	2013	0	0	0.25	0.25	0.25	0	0.25	0	0	0	0	NA	0.125	0.5	0.375	0	0	"0"	"BDM"
620235	6202351	2013	0.25	0	0.125	0	0.125	0	0.25	0	0.25	0	0	NA	0.625	0.375	0	0	0	"0"	"BDM"
626139	6261391	2013	0	0.25	0.25	0.25	0.25	0	0	0	0	0	0	NA	0.125	0.25	0.375	0.25	0	"0"	"BDM"
626179	6261791	2013	0.125	0.25	0.25	0.125	0	0	0.25	0	0	0	0	NA	0	0	0.625	0.375	0	"0"	"BDM"
626219	6262191	2013	0	0.375	0.25	0.125	0	0	0	0.25	0	0	0	NA	0.125	0.5	0.25	0.125	0	"0"	"BDM"
632123	6321231	2013	0.125	0.25	0.125	0.125	0	0.125	0.25	0	0	0	0	NA	0	0.25	0.75	0	0	"0"	"BDM"
632203	6322031	2013	0	0	0.375	0.25	0	0.25	0.125	0	0	0	0	NA	0.375	0.625	0	0	0	"0"	"BDM"
638107	6381071	2013	0.125	0.25	0.25	0.25	0.125	0	0	0	0	0	0	NA	0	0.125	0.625	0.25	0	"0"	"BDM"
638187	6381871	2013	0.125	0.25	0.125	0.125	0.125	0.125	0.125	0	0	0	0	NA	0.125	0.25	0.25	0.375	0	"0"	"BDM"
644131	6441311	2013	0.5	0	0	0	0.5	0	0	0	0	0	0	NA	0.25	0.25	0.375	0.125	0	"0"	"BDM"
644171	6441711	2013	0.375	0	0.375	0	0	0	0.25	0	0	0	0	NA	0	0.375	0.375	0.25	0	"0"	"BDM"
644211	6442111	2013	0	0	0.375	0.25	0.125	0	0.125	0.125	0	0	0	NA	0.375	0.25	0.375	0	0	"0"	"BDM"
650115	6501151	2013	0.125	0.25	0.25	0.25	0.125	0	0	0	0	0	0	NA	0	0.125	0.625	0.25	0	"0"	"BDM"
650195	6501951	2013	0	0.375	0.25	0.125	0.125	0	0	0.125	0	0	0	NA	0	0.25	0.25	0.375	0.125	"0"	"BDM"
650235	6502351	2013	0.125	0.25	0.25	0	0.125	0	0.125	0.125	0	0	0	NA	0.125	0.375	0.5	0	0	"0"	"BDM"
656139	6561391	2013	0.125	0.25	0.25	0.125	0	0	0.25	0	0	0	0	NA	0	0	0.625	0.375	0	"0"	"BDM"
656219	6562191	2013	0.125	0.125	0.125	0.125	0.125	0.125	0.125	0	0	0	0.125	NA	0	0.125	0.875	0	0	"0"	"BDM"
656259	6562591	2013	0	0	0	0	0	0.5	0.5	0	0	0	0	NA	0.5	0.5	0	0	0	"0"	"BDM"
668147	6681471	2013	0.125	0.25	0.125	0	0	0	0.25	0.25	0	0	0	NA	0	0	0.625	0.375	0	"0"	"BDM"
668267	6682671	2013	0	0.375	0.25	0.125	0.125	0	0.125	0	0	0	0	NA	0	0.25	0.5	0.25	0	"0"	"BDM"
680155	6801551	2013	0.125	0.25	0.25	0.25	0.125	0	0	0	0	0	0	NA	0	0.25	0.5	0.25	0	"0"	"BDM"
686179	6861791	2013	0.125	0.375	0.375	0	0.125	0	0	0	0	0	0	NA	0	0.375	0.375	0.25	0	"0"	"BDM"
686219	6862191	2013	0	0	0.25	0.125	0.25	0.125	0.125	0.125	0	0	0	NA	0.375	0.625	0	0	0	"0"	"BDM"
692163	6921631	2013	0.25	0.375	0.375	0	0	0	0	0	0	0	0	NA	0	0.375	0.375	0.25	0	"0"	"BDM"
692243	6922431	2013	0.125	0.25	0.125	0.125	0	0	0.125	0.125	0	0	0.125	NA	0	0	0.875	0.125	0	"0"	"BDM"
698107	6981071	2013	0.25	0.25	0.25	0.125	0	0	0	0.125	0	0	0	NA	0	0.375	0.5	0.125	0	"0"	"BDM"
698147	6981471	2013	0.125	0.25	0.25	0	0.125	0	0	0.25	0	0	0	NA	0	0.125	0.5	0.375	0	"0"	"BDM"
698227	6982271	2013	0.25	0.25	0.25	0.25	0	0	0	0	0	0	0	NA	0	0.125	0.5	0.375	0	"0"	"BDM"
704131	7041311	2013	0.25	0.25	0.25	0.25	0	0	0	0	0	0	0	NA	0	0.125	0.5	0.375	0	"0"	"BDM"
704211	7042111	2013	0.25	0.375	0	0	0	0	0	0.375	0	0	0	NA	0	0.25	0.625	0.125	0	"0"	"BDM"
704251	7042511	2013	0.125	0.25	0.125	0.125	0	0	0.125	0.125	0	0	0.125	NA	0	0	0.875	0.125	0	"0"	"BDM"
710115	7101151	2013	0.125	0.125	0.125	0.125	0.125	0.125	0.125	0.125	0	0	0	NA	0	0.25	0.75	0	0	"0"	"BDM"
710235	7102351	2013	0.125	0.25	0.25	0.125	0.125	0	0	0	0	0	0.125	NA	0.25	0.375	0.375	0	0	"0"	"BDM"
716099	7160991	2013	0	0.25	0.125	0.125	0	0.125	0.125	0.25	0	0	0	NA	0	0.375	0.625	0	0	"0"	"BDM"
716219	7162191	2013	0.125	0.25	0.25	0.125	0	0	0.25	0	0	0	0	NA	0	0	0.75	0.25	0	"0"	"BDM"
722083	7220831	2013	0.125	0.125	0	0.375	0	0	0.25	0.125	0	0	0	NA	0.125	0.375	0.5	0	0	"0"	"BDM"
722123	7221231	2013	0.125	0.125	0.125	0.125	0.125	0	0.125	0.25	0	0	0	NA	0	0	0.875	0.125	0	"0"	"BDM"
722163	7221631	2013	0.375	0.25	0.375	0	0	0	0	0	0	0	0	NA	0	0.375	0.375	0.25	0	"0"	"BDM"
722203	7222031	2013	0.5	0.25	0.25	0	0	0	0	0	0	0	0	NA	0	0.375	0.5	0.125	0	"0"	"BDM"
722243	7222431	2013	0	0	0.25	0.25	0.125	0	0	0.25	0	0	0.125	NA	0.125	0.375	0.5	0	0	"0"	"BDM"
728187	7281871	2013	0.25	0.25	0.25	0.25	0	0	0	0	0	0	0	NA	0	0.125	0.5	0.375	0	"0"	"BDM"
728267	7282671	2013	0	0	0	0	0	0.125	0.25	0	0.25	0.25	0.125	NA	0.5	0.5	0	0	0	"0"	"BDM"
734211	7342111	2013	0.25	0.25	0.25	0	0	0	0	0.25	0	0	0	NA	0	0	0.625	0.25	0.125	"0"	"BDM"
734251	7342511	2013	0	0.375	0.375	0	0.25	0	0	0	0	0	0	NA	0	0.5	0.25	0.25	0	"0"	"BDM"
740155	7401551	2013	0.25	0.375	0.375	0	0	0	0	0	0	0	0	NA	0	0.125	0.375	0.5	0	"0"	"BDM"
740195	7401951	2013	0.25	0.375	0.375	0	0	0	0	0	0	0	0	NA	0	0.25	0.375	0.375	0	"0"	"BDM"
740235	7402351	2013	0.25	0.25	0.25	0	0	0	0.25	0	0	0	0	NA	0	0.125	0.625	0.25	0	"0"	"BDM"
746219	7462191	2013	0.25	0.25	0.25	0.25	0	0	0	0	0	0	0	NA	0	0.25	0.5	0.25	0	"0"	"BDM"
752163	7521631	2013	0.25	0	0	0	0.25	0	0.25	0.25	0	0	0	NA	0	0	1	0	0	"0"	"BDM"
752203	7522031	2013	0.25	0.25	0.25	0.25	0	0	0	0	0	0	0	NA	0	0.25	0.625	0.125	0	"0"	"BDM"
758187	7581871	2013	0.25	0	0.125	0	0	0	0.25	0.25	0	0	0.125	NA	0	0.375	0.375	0.25	0	"0"	"BDM"
764131	7641311	2013	0.25	0.25	0.25	0	0.25	0	0	0	0	0	0	NA	0.125	0.125	0.375	0.375	0	"0"	"BDM"
764211	7642111	2013	0.125	0.25	0.25	0.125	0	0	0	0.25	0	0	0	NA	0	0	0.625	0.375	0	"0"	"BDM"
764251	7642511	2013	0	0.25	0.25	0	0.25	0	0	0	0	0.25	0	NA	0.25	0.375	0.125	0.25	0	"0"	"BDM"
770195	7701951	2013	0.125	0.25	0.25	0.25	0.125	0	0	0	0	0	0	NA	0	0	0.625	0.375	0	"0"	"BDM"
776179	7761791	2013	0.25	0.25	0.25	0.25	0	0	0	0	0	0	0	NA	0	0	0.5	0.5	0	"0"	"BDM"
794171	7941711	2013	0.25	0.25	0.25	0	0	0	0	0.25	0	0	0	NA	0	0	0.5	0.5	0	"0"	"BDM"
818187	8181871	2013	0.25	0.375	0.25	0.125	0	0	0	0	0	0	0	NA	0	0	0.5	0.375	0.125	"0"	"BDM"
824171	8241711	2013	0	0.375	0.375	0	0.25	0	0	0	0	0	0	NA	0	0.375	0.375	0.25	0	"0"	"BDM"
830195	8301951	2013	0.125	0.375	0.25	0.125	0.125	0	0	0	0	0	0	NA	0	0.375	0.375	0.25	0	"0"	"BDM"
530171	5301711	2014	0	0	0.25	0.25	0.125	0.125	0.25	0	0	0	0	NA	0	0.375	0.625	0	0	"0"	"BDM"
536155	5361551	2014	0.125	0.25	0.125	0.125	0.125	0	0.25	0	0	0	0	NA	0	0.25	0.75	0	0	"0"	"BDM"
536195	5361951	2014	0.125	0	0.25	0.25	0	0.125	0.25	0	0	0	0	NA	0.375	0.625	0	0	0	"0"	"BDM"
542179	5421791	2014	0.125	0.125	0.125	0.125	0.125	0.125	0.125	0.125	0	0	0	NA	0	0.25	0.75	0	0	"0"	"BDM"
548163	5481631	2014	0.125	0	0.125	0.375	0.125	0.125	0.125	0	0	0	0	NA	0.125	0.25	0.625	0	0	"0"	"BDM"
554147	5541471	2014	0.125	0.25	0.125	0	0.125	0.125	0.25	0	0	0	0	NA	0	0.375	0.625	0	0	"0"	"BDM"
554187	5541871	2014	0.125	0.125	0.125	0	0.125	0.125	0.25	0.125	0	0	0	NA	0	0.25	0.75	0	0	"0"	"BDM"
560131	5601311	2014	0.125	0.125	0.125	0.125	0.125	0.125	0	0.125	0.125	0	0	NA	0	0.25	0.75	0	0	"0"	"BDM"
566155	5661551	2014	0.125	0.25	0.125	0.125	0	0.125	0.125	0.125	0	0	0	NA	0	0.125	0.75	0.125	0	"0"	"BDM"
560171	5601711	2014	0	0.125	0.125	0.125	0.125	0.125	0.125	0.125	0	0.125	0	NA	0.5	0.375	0.125	0	0	"0"	"BDM"
566195	5661951	2014	0.125	0.25	0.25	0.125	0	0.125	0.125	0	0	0	0	NA	0	0.625	0.375	0	0	"0"	"BDM"
572099	5720991	2014	0.125	0.125	0.125	0.125	0.125	0.125	0.125	0.125	0	0	0	NA	0.125	0.25	0.5	0.125	0	"0"	"BDM"
572139	5721391	2014	0	0.25	0.25	0.25	0	0	0.25	0	0	0	0	NA	0	0.5	0.5	0	0	"0"	"BDM"
572179	5721791	2014	0.125	0.25	0.25	0.125	0	0	0.25	0	0	0	0	NA	0	0.25	0.625	0.125	0	"0"	"BDM"
578163	5781631	2014	0	0.25	0.25	0.25	0.125	0	0	0.125	0	0	0	NA	0	0.375	0.5	0.125	0	"0"	"BDM"
578203	5782031	2014	0	0	0.25	0.125	0	0.25	0.125	0	0.25	0	0	NA	0	1	0	0	0	"0"	"BDM"
578243	5782431	2014	0	0.25	0.25	0.25	0	0	0	0.25	0	0	0	NA	0	0	0.5	0.5	0	"0"	"BDM"
584107	5841071	2014	0.125	0	0.125	0.125	0.125	0.125	0.25	0.125	0	0	0	NA	0	0.5	0.375	0.125	0	"0"	"BDM"
584147	5841471	2014	0.125	0.25	0.125	0.125	0.125	0	0.125	0.125	0	0	0	NA	0	0	0.75	0.25	0	"0"	"BDM"
590131	5901311	2014	0.125	0.25	0.25	0.25	0.125	0	0	0	0	0	0	NA	0	0.125	0.625	0.25	0	"0"	"BDM"
590171	5901711	2014	0.125	0.25	0.25	0.25	0.125	0	0	0	0	0	0	NA	0.125	0.375	0.375	0.125	0	"0"	"BDM"
590211	5902111	2014	0.375	0	0.375	0.25	0	0	0	0	0	0	0	NA	0.375	0.375	0.25	0	0	"0"	"BDM"
596195	5961951	2014	0	0	0.375	0.25	0.125	0	0.25	0	0	0	0	NA	0.25	0.375	0.25	0.125	0	"0"	"BDM"
596235	5962351	2014	0	0.375	0.25	0.25	0	0	0.125	0	0	0	0	NA	0	0.375	0.625	0	0	"0"	"BDM"
602099	6020991	2014	0.125	0.25	0.25	0.125	0	0	0	0.25	0	0	0	NA	0	0.25	0.375	0.375	0	"0"	"BDM"
602179	6021791	2014	0	0.25	0.25	0.125	0.125	0	0.125	0.125	0	0	0	NA	0.25	0.625	0.125	0	0	"0"	"BDM"
602219	6022191	2014	0	0	0.25	0.25	0.25	0	0.25	0	0	0	0	NA	0	0	1	0	0	"0"	"BDM"
608163	6081631	2014	0	0.25	0.25	0.25	0.125	0	0.125	0	0	0	0	NA	0.375	0.5	0.125	0	0	"0"	"BDM"
608203	6082031	2014	0.125	0	0.25	0.25	0.125	0	0.25	0	0	0	0	NA	0.5	0.5	0	0	0	"0"	"BDM"
608243	6082431	2014	0	0.375	0.5	0	0	0	0.125	0	0	0	0	NA	0.625	0.375	0	0	0	"0"	"BDM"
614107	6141071	2014	0.125	0.25	0.125	0.125	0.125	0.125	0.125	0	0	0	0	NA	0	0.25	0.25	0.5	0	"0"	"BDM"
614187	6141871	2014	1	0	0	0	0	0	0	0	0	0	0	NA	0	0.25	0.375	0.375	0	"0"	"BDM"
620211	6202111	2014	0.25	0.25	0.25	0.125	0	0	0	0	0	0	0.125	NA	0	0.5	0.5	0	0	"0"	"BDM"
620251	6202511	2014	0.125	0.375	0.25	0.25	0	0	0	0	0	0	0	NA	0	0.5	0.5	0	0	"0"	"BDM"
626115	6261151	2014	0	0.25	0.25	0.125	0.125	0	0	0.25	0	0	0	NA	0	0.25	0.375	0.375	0	"0"	"BDM"
626195	6261951	2014	0.125	0	0.25	0.25	0.125	0	0.25	0	0	0	0	NA	0.375	0.375	0.25	0	0	"0"	"BDM"
626235	6262351	2014	0.125	0.125	0.125	0.125	0	0.125	0.125	0.125	0.125	0	0	NA	0	0	1	0	0	"0"	"BDM"
632179	6321791	2014	0	0.375	0.375	0.25	0	0	0	0	0	0	0	NA	0.125	0.375	0.25	0.25	0	"0"	"BDM"
638123	6381231	2014	0	0.25	0.25	0.125	0.125	0	0.25	0	0	0	0	NA	0.125	0.375	0.375	0.125	0	"0"	"BDM"
638203	6382031	2014	0	0.25	0.375	0.125	0.125	0	0.125	0	0	0	0	NA	0.25	0.25	0.5	0	0	"0"	"BDM"
644187	6441871	2014	0	0.375	0.125	0	0	0.125	0.125	0.25	0	0	0	NA	0.375	0.375	0.25	0	0	"0"	"BDM"
650171	6501711	2014	0.125	0.25	0.25	0.125	0	0	0	0.25	0	0	0	NA	0.25	0.375	0.375	0	0	"0"	"BDM"
650211	6502111	2014	0.125	0.25	0.375	0.125	0	0	0	0.125	0	0	0	NA	0.5	0.375	0.125	0	0	"0"	"BDM"
650251	6502511	2014	0	0	0.25	0.125	0.125	0	0.25	0	0.25	0	0	NA	0.125	0.25	0.375	0.25	0	"0"	"BDM"
656195	6561951	2014	0	0.25	0.375	0.125	0	0	0.125	0.125	0	0	0	NA	0.375	0.375	0.25	0	0	"0"	"BDM"
662139	6621391	2014	0	0.375	0.375	0.25	0	0	0	0	0	0	0	NA	0	0	1	0	0	"0"	"BDM"
662179	6621791	2014	0.125	0.25	0.375	0.125	0	0.125	0	0	0	0	0	NA	0	0.25	0.5	0.25	0	"0"	"BDM"
662219	6622191	2014	0.125	0.25	0.375	0.125	0	0.125	0	0	0	0	0	NA	0.625	0.375	0	0	0	"0"	"BDM"
662227	6622271	2014	0	0.125	0.375	0.125	0	0	0.125	0.25	0	0	0	NA	0.625	0.375	0	0	0	"0"	"BDM"
662259	6622591	2014	0.125	0.25	0.125	0.125	0.125	0	0.125	0.125	0	0	0	NA	0	0.125	0.875	0	0	"0"	"BDM"
668163	6681631	2014	0.25	0.375	0.25	0	0.125	0	0	0	0	0	0	NA	0	0.25	0.5	0.25	0	"0"	"BDM"
668203	6682031	2014	0	0	0	0.25	0.125	0.125	0	0	0	0.5	0	NA	0.375	0.125	0.5	0	0	"0"	"BDM"
674147	6741471	2014	0.25	0.25	0.25	0.25	0	0	0	0	0	0	0	NA	0	0.125	0.5	0.375	0	"0"	"BDM"
680131	6801311	2014	0.25	0.25	0.25	0	0	0	0.25	0	0	0	0	NA	0	0.125	0.5	0.375	0	"0"	"BDM"
680171	6801711	2014	0.25	0.25	0.25	0.25	0	0	0	0	0	0	0	NA	0	0.125	0.5	0.375	0	"0"	"BDM"
680195	6801951	2014	0.25	0.25	0.25	0.125	0.125	0	0	0	0	0	0	NA	0.125	0.375	0.375	0.125	0	"0"	"BDM"
680211	6802111	2014	0	0.25	0.5	0.25	0	0	0	0	0	0	0	NA	0.375	0.375	0.25	0	0	"0"	"BDM"
680219	6802191	2014	0	0	0.25	0.25	0.125	0.125	0.25	0	0	0	0	NA	0.625	0.375	0	0	0	"0"	"BDM"
680251	6802511	2014	0.125	0.25	0.125	0.125	0.125	0	0.25	0	0	0	0	NA	0.5	0.375	0.125	0	0	"0"	"BDM"
680291	6802911	2014	0	0.125	0.25	0.125	0.125	0.125	0.25	0	0	0	0	NA	0	0.5	0.375	0.125	0	"0"	"BDM"
686155	6861551	2014	0.125	0.25	0.25	0	0.125	0	0.25	0	0	0	0	NA	0	0.375	0.5	0.125	0	"0"	"BDM"
692179	6921791	2014	0.125	0.25	0.125	0	0	0	0.25	0.25	0	0	0	NA	0	0	0.625	0.375	0	"0"	"BDM"
692219	6922191	2014	0.125	0.25	0.375	0.25	0	0	0	0	0	0	0	NA	0.375	0.375	0.25	0	0	"0"	"BDM"
692227	6922271	2014	0	0	0.25	0.125	0.125	0.125	0.25	0	0	0	0.125	NA	0.125	0.5	0.375	0	0	"0"	"BDM"
692259	6922591	2014	0.125	0.25	0.125	0.125	0.125	0.125	0.125	0	0	0	0	NA	0.25	0.25	0.5	0	0	"0"	"BDM"
698203	6982031	2014	0.125	0.25	0.25	0.25	0.125	0	0	0	0	0	0	NA	0.125	0.25	0.375	0.25	0	"0"	"BDM"
698283	6982831	2014	0.125	0	0.125	0.125	0.125	0.125	0.125	0.125	0	0	0.125	NA	0	0.25	0.5	0.25	0	"0"	"BDM"
704107	7041071	2014	0.125	0.375	0.25	0	0	0	0.25	0	0	0	0	NA	0	0.25	0.5	0.25	0	"0"	"BDM"
704147	7041471	2014	0.25	0.25	0.25	0	0	0	0.25	0	0	0	0	NA	0	0	0.5	0.5	0	"0"	"BDM"
704267	7042671	2014	0.125	0	0.25	0.125	0.125	0.125	0.125	0	0	0	0.125	NA	0.25	0.75	0	0	0	"0"	"BDM"
710171	7101711	2014	0.125	0.25	0.125	0.125	0.125	0	0.25	0	0	0	0	NA	0.125	0	0.625	0.25	0	"0"	"BDM"
710211	7102111	2014	0	0.25	0.25	0.125	0	0.125	0	0.25	0	0	0	NA	0	0	0.625	0.375	0	"0"	"BDM"
710251	7102511	2014	0.125	0	0.375	0.125	0	0	0.125	0.25	0	0	0	NA	0	0	0.75	0.25	0	"0"	"BDM"
716115	7161151	2014	0.25	0.25	0.25	0.25	0	0	0	0	0	0	0	NA	0	0.25	0.5	0.25	0	"0"	"BDM"
716155	7161551	2014	0.125	0.25	0.25	0.25	0.125	0	0	0	0	0	0	NA	0	0	0.5	0.5	0	"0"	"BDM"
716235	7162351	2014	0.125	0.25	0.125	0.125	0.125	0	0.25	0	0	0	0	NA	0	0.125	0.625	0.25	0	"0"	"BDM"
716275	7162751	2014	0.125	0.25	0.125	0.125	0.125	0	0.25	0	0	0	0	NA	0.125	0.375	0.5	0	0	"0"	"BDM"
722179	7221791	2014	0.125	0.25	0.25	0.25	0.125	0	0	0	0	0	0	NA	0	0.125	0.5	0.375	0	"0"	"BDM"
722219	7222191	2014	0	0.25	0.25	0.25	0	0	0.25	0	0	0	0	NA	0.25	0.5	0.25	0	0	"0"	"BDM"
722259	7222591	2014	0	0	0	0.25	0.125	0.125	0.25	0	0	0.25	0	NA	0	0.5	0.5	0	0	"0"	"BDM"
728203	7282031	2014	0.25	0.375	0.125	0.125	0	0	0.125	0	0	0	0	NA	0	0.125	0.625	0.25	0	"0"	"BDM"
728227	7282271	2014	0.125	0.125	0.25	0.125	0.125	0	0.125	0.125	0	0	0	NA	0	0	0.875	0.125	0	"0"	"BDM"
728243	7282431	2014	0.125	0.25	0.25	0	0.125	0	0	0.25	0	0	0	NA	0	0.125	0.625	0.25	0	"0"	"BDM"
734147	7341471	2014	0.125	0.25	0.125	0.125	0	0	0.125	0.25	0	0	0	NA	0.125	0.125	0.625	0.125	0	"0"	"BDM"
734187	7341871	2014	0.25	0.25	0.25	0.25	0	0	0	0	0	0	0	NA	0	0	0.5	0.5	0	"0"	"BDM"
734227	7342271	2014	0.125	0.25	0.25	0	0.125	0	0.25	0	0	0	0	NA	0	0.375	0.375	0.25	0	"0"	"BDM"
734267	7342671	2014	0	0	0	0	0.125	0.125	0.25	0	0.125	0.25	0.125	NA	0.25	0.75	0	0	0	"0"	"BDM"
740131	7401311	2014	0.375	0.375	0.25	0	0	0	0	0	0	0	0	NA	0	0.375	0.375	0.25	0	"0"	"BDM"
746155	7461551	2014	0.25	0.25	0.25	0	0	0	0	0	0	0.25	0	NA	0	0.25	0.5	0.25	0	"0"	"BDM"
752179	7521791	2014	0.125	0.25	0.125	0	0.125	0	0.125	0.25	0	0	0	NA	0	0	1	0	0	"0"	"BDM"
752219	7522191	2014	0.125	0.25	0.25	0	0.25	0	0	0	0	0	0.125	NA	0.125	0.125	0.25	0.5	0	"0"	"BDM"
752259	7522591	2014	0.125	0	0.25	0.25	0.125	0	0.25	0	0	0	0	NA	0.375	0.125	0.5	0	0	"0"	"BDM"
758163	7581631	2014	0.25	0.375	0.25	0.125	0	0	0	0	0	0	0	NA	0	0.125	0.5	0.375	0	"0"	"BDM"
758203	7582031	2014	0	0	0.625	0.125	0.25	0	0	0	0	0	0	NA	0.25	0	0.75	0	0	"0"	"BDM"
758243	7582431	2014	0.125	0.25	0.25	0.25	0.125	0	0	0	0	0	0	NA	0	0.5	0.5	0	0	"0"	"BDM"
770171	7701711	2014	0	0.25	0.25	0.25	0.25	0	0	0	0	0	0	NA	0	0.125	0.625	0.25	0	"0"	"BDM"
770211	7702111	2014	0.125	0.25	0.125	0	0.125	0	0	0.25	0	0	0.125	NA	0	0.25	0.5	0.25	0	"0"	"BDM"
776155	7761551	2014	0.25	0.375	0.25	0.125	0	0	0	0	0	0	0	NA	0	0.375	0.5	0.125	0	"0"	"BDM"
776195	7761951	2014	0.125	0.25	0.25	0.125	0	0	0.25	0	0	0	0	NA	0	0	0.75	0.25	0	"0"	"BDM"
782179	7821791	2014	0.125	0.25	0.25	0.125	0	0	0.25	0	0	0	0	NA	0	0.5	0.5	0	0	"0"	"BDM"
794147	7941471	2014	0.25	0.25	0.25	0	0	0	0.25	0	0	0	0	NA	0	0.25	0.5	0.25	0	"0"	"BDM"
794187	7941871	2014	0	0.25	0.25	0.25	0.25	0	0	0	0	0	0	NA	0	0.125	0.25	0.375	0.25	"0"	"BDM"
800131	8001311	2014	0.25	0.25	0.25	0.125	0.125	0	0	0	0	0	0	NA	0	0	0.625	0.375	0	"0"	"BDM"
800171	8001711	2014	0.125	0.25	0.25	0.125	0.125	0.125	0	0	0	0	0	NA	0.25	0	0.5	0.25	0	"0"	"BDM"
806179	8061791	2014	0.125	0.25	0.375	0	0	0	0	0.25	0	0	0	NA	0	0	0.125	0.5	0.375	"0"	"BDM"
818163	8181631	2014	0.25	0.25	0.125	0.125	0.25	0	0	0	0	0	0	NA	0	0.125	0.625	0.25	0	"0"	"BDM"
818203	8182031	2014	0.125	0.375	0.25	0	0	0	0	0.25	0	0	0	NA	0	0.125	0.375	0.5	0	"0"	"BDM"
824187	8241871	2014	0.125	0.375	0.25	0.125	0.125	0	0	0	0	0	0	NA	0.125	0.375	0.25	0.25	0	"0"	"BDM"
692139	6921391	2014	0.25	0.375	0.375	0	0	0	0	0	0	0	0	NA	0	0.375	0.625	0	0	"0"	"BDM"
764147	7641471	2014	0.125	0.25	0.25	0.125	0	0	0	0.25	0	0	0	NA	0	0.125	0.625	0.25	0	"0"	"BDM"
560187	5601872	2015	0	0	0	0	0	0.25	0.375	0	0.375	0	0	NA	0.375	0.625	0	0	0	"0"	"BDM"
608219	6082192	2015	0	0	0.125	0.125	0.125	0	0.25	0.125	0.25	0	0	NA	0.125	0.75	0.125	0	0	"0"	"BDM"
608259	6082592	2015	0	0.125	0.125	0.125	0	0.125	0.375	0	0	0	0.125	NA	0.375	0.25	0.375	0	0	"0"	"BDM"
626251	6262512	2015	0.125	0.125	0.125	0.125	0.125	0.125	0.125	0.125	0	0	0	NA	0.125	0.25	0.375	0.25	0	"0"	"BDM"
632235	6322352	2015	0	0.125	0.25	0.125	0.125	0.125	0.125	0.125	0	0	0	NA	0.375	0.5	0.125	0	0	"0"	"BDM"
644243	6442432	2015	0	0	0.375	0.25	0	0.125	0.25	0	0	0	0	NA	0	0.75	0.25	0	0	"0"	"BDM"
650227	6502272	2015	0	0	0	0	0	0.5	0.5	0	0	0	0	NA	1	0	0	0	0	"0"	"BDM"
650267	6502672	2015	0	0.25	0.25	0.125	0.125	0	0.25	0	0	0	0	NA	0	0.5	0.5	0	0	"0"	"BDM"
656251	6562512	2015	0.125	0.25	0.125	0.125	0	0.125	0.25	0	0	0	0	NA	0	0.125	0.5	0.375	0	"0"	"BDM"
662195	6621952	2015	0.125	0	0.25	0.25	0.125	0	0.25	0	0	0	0	NA	0	0.375	0.5	0.125	0	"0"	"BDM"
668219	6682192	2015	0	0	0.25	0.125	0	0.125	0.25	0	0	0.25	0	NA	0.5	0.5	0	0	0	"0"	"BDM"
668259	6682592	2015	0	0.25	0.25	0.125	0	0.125	0.25	0	0	0	0	NA	0	0.5	0.5	0	0	"0"	"BDM"
674203	6742032	2015	0.125	0.25	0.25	0.25	0	0.125	0	0	0	0	0	NA	0	0.25	0.5	0.25	0	"0"	"BDM"
674243	6742432	2015	0.125	0.25	0.25	0.125	0	0	0.25	0	0	0	0	NA	0.25	0.375	0.375	0	0	"0"	"BDM"
686211	6862112	2015	0	0	0.25	0.25	0.25	0	0.25	0	0	0	0	NA	0.125	0.375	0.375	0.125	0	"0"	"BDM"
692235	6922352	2015	0.125	0.25	0.125	0.25	0.125	0	0.125	0	0	0	0	NA	0	0.25	0.75	0	0	"0"	"BDM"
692275	6922752	2015	0	0	0	0.25	0.125	0.125	0.125	0	0.125	0.125	0.125	NA	0	0.25	0.75	0	0	"0"	"BDM"
698259	6982592	2015	0.125	0	0.25	0.25	0.125	0	0.25	0	0	0	0	NA	0.125	0.375	0.5	0	0	"0"	"BDM"
704243	7042432	2015	0	0.25	0.25	0.125	0.125	0	0.125	0.125	0	0	0	NA	0.125	0.375	0.375	0.125	0	"0"	"BDM"
710227	7102272	2015	0	0.25	0.25	0	0	0	0	0.25	0.125	0	0.125	NA	0	0.5	0.5	0	0	"0"	"BDM"
710267	7102672	2015	0	0.125	0.25	0.25	0.125	0	0.125	0.125	0	0	0	NA	0.125	0.5	0.375	0	0	"0"	"BDM"
722115	7221152	2015	0	0.25	0.25	0.125	0.125	0	0.25	0	0	0	0	NA	0	0	1	0	0	"0"	"BDM"
728259	7282592	2015	0	0	0.125	0.25	0.125	0.125	0.125	0.125	0.125	0	0	NA	0	0.25	0.5	0.25	0	"0"	"BDM"
740267	7402672	2015	0.125	0.25	0.125	0.125	0.125	0	0.125	0.125	0	0	0	NA	0	0.25	0.75	0	0	"0"	"BDM"
758259	7582592	2015	0.125	0.25	0.125	0.125	0.125	0	0.125	0.125	0	0	0	NA	0	0.25	0.5	0.25	0	"0"	"BDM"
542155	5421552	2015	0.125	0.25	0.125	0.125	0.125	0	0.125	0.125	0	0	0	NA	0	0.375	0.625	0	0	"0"	"BDM"
548219	5482192	2015	0.125	0	0.25	0.125	0	0	0.25	0.25	0	0	0	NA	0.125	0.125	0.625	0.125	0	"0"	"BDM"
554163	5541632	2015	0.125	0.25	0.125	0.125	0.125	0	0.125	0.125	0	0	0	NA	0.125	0.25	0.625	0	0	"0"	"BDM"
566131	5661312	2015	0.125	0.25	0.25	0.125	0	0	0.25	0	0	0	0	NA	0.125	0.125	0.5	0.25	0	"0"	"BDM"
566171	5661712	2015	0	0.125	0.125	0	0	0.125	0.25	0	0.25	0.125	0	NA	0	0.75	0.25	0	0	"0"	"BDM"
572155	5721552	2015	0.125	0.25	0.25	0.125	0	0	0.125	0.125	0	0	0	NA	0	0.125	0.75	0.125	0	"0"	"BDM"
578179	5781792	2015	0.25	0.125	0.125	0	0.125	0.125	0.25	0	0	0	0	NA	0.375	0.25	0.375	0	0	"0"	"BDM"
602195	6021952	2015	0	0.125	0.25	0.125	0	0	0.125	0.125	0	0	0.25	NA	0	0.25	0.75	0	0	"0"	"BDM"
608179	6081792	2015	0	0	0.25	0.125	0.125	0.125	0.25	0.125	0	0	0	NA	0.125	0.375	0.5	0	0	"0"	"BDM"
614203	6142032	2015	0.125	0.25	0.25	0.125	0.125	0	0.125	0	0	0	0	NA	0.125	0	0.625	0.25	0	"0"	"BDM"
614243	6142432	2015	0	0.25	0.125	0.125	0.125	0	0.375	0	0	0	0	NA	0	0.25	0.5	0.25	0	"0"	"BDM"
620187	6201872	2015	0	0	0.375	0.125	0.125	0.125	0.25	0	0	0	0	NA	0.375	0.5	0.125	0	0	"0"	"BDM"
626211	6262112	2015	0	0	0.25	0.25	0.125	0.125	0.25	0	0	0	0	NA	0	0.625	0.375	0	0	"0"	"BDM"
632195	6321952	2015	0	0.25	0.25	0.125	0.125	0	0.125	0.125	0	0	0	NA	0	0.25	0.5	0.25	0	"0"	"BDM"
638219	6382192	2015	0.125	0	0.125	0.125	0.125	0.125	0.25	0	0	0.125	0	NA	0.125	0.25	0.625	0	0	"0"	"BDM"
644163	6441632	2015	0.125	0.25	0.25	0.125	0	0	0	0.25	0	0	0	NA	0	0.5	0.375	0.125	0	"0"	"BDM"
644203	6442032	2015	0.25	0.25	0.25	0.25	0	0	0	0	0	0	0	NA	0	0.125	0.5	0.375	0	"0"	"BDM"
698219	6982192	2015	0	0	0.125	0.125	0.125	0.125	0.125	0.125	0.25	0	0	NA	0	0.25	0.75	0	0	"0"	"BDM"
716131	7161312	2015	0.25	0.25	0.25	0.125	0.125	0	0	0	0	0	0	NA	0.25	0	0.375	0.375	0	"0"	"BDM"
716251	7162512	2015	0.125	0.125	0.25	0.125	0.125	0	0.125	0.125	0	0	0	NA	0	0.25	0.5	0.25	0	"0"	"BDM"
722235	7222352	2015	0.125	0.25	0.125	0.125	0.125	0	0.125	0.125	0	0	0	NA	0.125	0.25	0.625	0	0	"0"	"BDM"
728219	7282192	2015	0.125	0.25	0.25	0.25	0	0	0.125	0	0	0	0	NA	0	0.125	0.625	0.25	0	"0"	"BDM"
734243	7342432	2015	0.125	0.25	0.125	0.125	0.125	0	0.125	0.125	0	0	0	NA	0	0.625	0.375	0	0	"0"	"BDM"
746251	7462512	2015	0	0.25	0.25	0.125	0.125	0	0.25	0	0	0	0	NA	0	0.625	0.375	0	0	"0"	"BDM"
560147	5601472	2015	0.125	0.125	0.25	0.125	0	0	0.125	0.25	0	0	0	NA	0	0.5	0.5	0	0	"0"	"BDM"
578139	5781392	2015	0.125	0.25	0.25	0.125	0	0	0.125	0.125	0	0	0	NA	0	0	0.625	0.375	0	"0"	"BDM"
584123	5841232	2015	0.125	0.25	0.125	0.125	0.125	0.125	0.125	0	0	0	0	NA	0.125	0.125	0.125	0.625	0	"0"	"BDM"
590147	5901472	2015	0	0.25	0.25	0.25	0	0.125	0.125	0	0	0	0	NA	0.125	0.25	0.375	0.25	0	"0"	"BDM"
596171	5961712	2015	0	0.25	0.25	0.125	0	0	0.25	0.125	0	0	0	NA	0	0.375	0.375	0.25	0	"0"	"BDM"
602155	6021552	2015	0	0.25	0.25	0.25	0	0	0.25	0	0	0	0	NA	0	0.125	0.5	0.375	0	"0"	"BDM"
650187	6501872	2015	0.125	0.25	0	0.125	0.125	0	0.125	0	0.25	0	0	NA	0.75	0.25	0	0	0	"0"	"BDM"
656171	6561712	2015	0.25	0.375	0.375	0	0	0	0	0	0	0	0	NA	0	0.125	0.375	0.5	0	"0"	"BDM"
692115	6921152	2015	0.125	0.25	0.25	0.125	0	0	0.25	0	0	0	0	NA	0.25	0.375	0.375	0	0	"0"	"BDM"
692155	6921552	2015	0.125	0.25	0.25	0	0.125	0	0.25	0	0	0	0	NA	0	0	0.625	0.375	0	"0"	"BDM"
716171	7161712	2015	0.25	0.25	0.25	0.125	0.125	0	0	0	0	0	0	NA	0.125	0.5	0.375	0	0	"0"	"BDM"
728179	7281792	2015	0	0.375	0.25	0.25	0.125	0	0	0	0	0	0	NA	0.125	0.25	0.375	0.25	0	"0"	"BDM"
746211	7462112	2015	0.125	0.25	0.25	0.125	0.125	0.125	0	0	0	0	0	NA	0.25	0.125	0.375	0.25	0	"0"	"BDM"
764163	7641632	2015	0.125	0.25	0.25	0.125	0	0	0.25	0	0	0	0	NA	0	0	0.5	0.5	0	"0"	"BDM"
770187	7701872	2015	0.125	0.375	0.25	0.125	0.125	0	0	0	0	0	0	NA	0	0.125	0.625	0.25	0	"0"	"BDM"
782195	7821952	2015	0.125	0.25	0.25	0.125	0	0	0.25	0	0	0	0	NA	0	0	0.5	0.5	0	"0"	"BDM"
638179	6381792	2015	0.125	0.125	0.25	0.125	0.125	0	0.25	0	0	0	0	NA	0.625	0.125	0.25	0	0	"0"	"BDM"
692195	6921952	2015	0.25	0.25	0.25	0.125	0	0	0	0.125	0	0	0	NA	0	0.25	0.5	0.25	0	"0"	"BDM"
710107	7101072	2015	0.25	0.25	0.25	0	0	0	0	0.25	0	0	0	NA	0	0.25	0.5	0.25	0	"0"	"BDM"
710147	7101472	2015	0.125	0.25	0.125	0.125	0.125	0	0.25	0	0	0	0	NA	0	0	0.75	0.25	0	"0"	"BDM"
722195	7221952	2015	0.25	0.25	0.25	0.25	0	0	0	0	0	0	0	NA	0	0.125	0.5	0.375	0	"0"	"BDM"
746171	7461712	2015	0.125	0.125	0.125	0.25	0	0.125	0.25	0	0	0	0	NA	0.125	0.5	0.375	0	0	"0"	"BDM"
752155	7521552	2015	0.25	0.375	0.25	0	0	0.125	0	0	0	0	0	NA	0.25	0.375	0.375	0	0	"0"	"BDM"
806131	8061312	2015	0.25	0.25	0.25	0	0	0	0	0.25	0	0	0	NA	0	0	0.5	0.5	0	"0"	"BDM"
818179	8181792	2015	0.125	0.375	0.375	0.125	0	0	0	0	0	0	0	NA	0	0.375	0.375	0.25	0	"0"	"BDM"
590107	5901072	2015	0.125	0.25	0.25	0.125	0.125	0	0.125	0	0	0	0	NA	0	0.125	0.5	0.375	0	"0"	"BDM"
608099	6080992	2015	0.125	0.25	0.25	0.125	0.125	NA	NA	NA	NA	NA	NA	"substrate area= 0.875"	NA	0.125	0.375	0.375	NA	"flow area= 0.875"	"BDM"
626131	6261312	2015	0.125	0.25	0.25	0	0	0	0.25	0.125	0	0	0	NA	0	0.25	0.75	0	0	"0"	"BDM"
632155	6321552	2015	0.125	0.25	0.25	0.25	0.125	0	0	0	0	0	0	NA	0	0.375	0.5	0.125	0	"0"	"BDM"
650107	6501072	2015	0.125	0.25	0.25	0.25	0.125	0	0	0	0	0	0	NA	0	0.25	0.5	0.25	0	"0"	"BDM"
656131	6561312	2015	0.25	0.25	0.25	0	0	0.125	0	0.125	0	0	0	NA	0	0.375	0.25	0.375	0	"0"	"BDM"
704163	7041632	2015	0.25	0.25	0.5	0	0	0	0	0	0	0	0	NA	0	0	0.375	0.375	0.25	"0"	"BDM"
722155	7221552	2015	0.125	0.25	0.25	0.25	0.125	0	0	0	0	0	0	NA	0	0.25	0.5	0.25	0	"0"	"BDM"
758139	7581392	2015	0.25	0.25	0.25	0.25	0	0	0	0	0	0	0	NA	0	0.125	0.5	0.375	0	"0"	"BDM"
770147	7701472	2015	0.125	0.375	0.25	0.125	0	0	0	0.125	0	0	0	NA	0	0.125	0.625	0.25	0	"0"	"BDM"
776171	7761712	2015	0.25	0.25	0.25	0	0	0	0	0.25	0	0	0	NA	0	0	0.25	0.5	0.25	"0"	"BDM"
782155	7821552	2015	0.25	0.25	0.25	0.25	0	0	0	0	0	0	0	NA	0	0.125	0.5	0.375	0	"0"	"BDM"
788179	7881792	2015	0.25	0.25	0.25	0	0	0	0	0.25	0	0	0	NA	0	0	0.25	0.5	0.25	"0"	"BDM"
794163	7941632	2015	0.125	0.25	0.25	0.125	0	0	0	0.25	0	0	0	NA	0	0.125	0.5	0.375	0	"0"	"BDM"
824203	8242032	2015	0.25	0.375	0.25	0	0	0	0.125	0	0	0	0	NA	0	0.25	0.5	0.25	0	"0"	"BDM"
710131	7101311	2015	NA	NA	NA	NA	NA	NA	NA	NA	NA	NA	NA	NA	NA	NA	NA	NA	NA	NA	"BDM"
668179	6681792	2017	0.25	0.25	0.25	0	0	0	0	0.25	0	0	0	NA	0	0.25	0.5	0.25	0	"0"	"BDM"
680147	6801472	2016	0.25	0	0.375	0	0	0	0	0.375	0	0	0	NA	0	0.25	0.375	0.375	0	"0"	"BDM"
686251	6862512	2016	0	0.25	0.125	0.125	0	0.125	0	0	0.25	0	0.125	NA	0	0	1	0	0	"0"	"BDM"
776211	7762112	2016	0.25	0.25	0.25	0	0	0	0	0.25	0	0	0	NA	0	0	0.5	0.5	0	"0"	"BDM"
500123	5001232	2016	0.125	0.125	0.25	0.125	0.125	0.125	0.125	0	0	0	0	NA	0	0.625	0.375	0	0	"0"	"BDM"
530163	5301632	2016	0	0.25	0.125	0.125	0.125	0.125	0.25	0	0	0	0	NA	0.25	0.25	0.375	0.125	0	"0"	"BDM"
542171	5421712	2016	0.125	0.25	0.125	0.125	0.125	0.125	0.125	0	0	0	0	NA	0	0.5	0.5	0	0	"0"	"BDM"
548155	5481552	2016	0.125	0.125	0.125	0.125	0.125	0.125	0.125	0.125	0	0	0	NA	0	0.5	0.5	0	0	"0"	"BDM"
572131	5721312	2016	0.125	0.125	0.25	0.125	0.125	0	0.125	0.125	0	0	0	NA	0	0.5	0.375	0.125	0	"0"	"BDM"
572211	5722112	2016	0.125	0.25	0.25	0.125	0	0	0.125	0	0	0	0.125	NA	0.125	0.75	0.125	0	0	"0"	"BDM"
572251	5722512	2016	0.125	0	0.25	0.25	0	0	0.125	0.25	0	0	0	NA	0	0.25	0.5	0.25	0	"0"	"BDM"
584099	5840992	2016	0.125	0.25	0.25	0.125	0.125	0	0.125	0	0	0	0	NA	0	0.25	0.375	0.25	0.125	"0"	"BDM"
584139	5841392	2016	0.125	0.125	0.125	0.125	0.125	0.125	0.125	0.125	0	0	0	NA	0.125	0.375	0.5	0	0	"0"	"BDM"
590163	5901632	2016	0	0	0	0.25	0.25	0.25	0	0	0.25	0	0	NA	1	0	0	0	0	"0"	"BDM"
590203	5902032	2016	0	0	0.25	0.25	0.25	0	0.25	0	0	0	0	NA	0.125	0.375	0.5	0	0	"0"	"BDM"
590243	5902432	2016	0.125	0.125	0.125	NA	NA	NA	0.25	0.25	NA	NA	NA	"substrate area= 0.875"	NA	0.25	0.5	0.125	NA	"flow area= 0.875"	"BDM"
596107	5961072	2016	0.125	0.25	0.25	0.125	0.125	0	0.125	0	0	0	0	NA	0.125	0.125	0.375	0.375	0	"0"	"BDM"
596147	5961472	2016	0.125	0.25	0.125	0.125	0.125	0	0.25	0	0	0	0	NA	0	0	0.75	0.25	0	"0"	"BDM"
596187	5961872	2016	0	0	0.25	0.25	0	0.25	0.25	0	0	0	0	NA	0.5	0.5	0	0	0	"0"	"BDM"
602131	6021312	2016	0.125	0.25	0.25	0.125	0.125	0	0.125	0	0	0	0	NA	0	0.125	0.625	0.25	0	"0"	"BDM"
602171	6021712	2016	0.125	0.125	0.25	0.125	0	0	0.125	0.25	0	0	0	NA	0.125	0.5	0.375	0	0	"0"	"BDM"
602251	6022512	2016	0	0.375	0.375	0.25	0	0	0	0	0	0	0	NA	0	0.375	0.375	0.25	0	"0"	"BDM"
608115	6081152	2016	0.125	0.25	0.125	0.125	0.125	0	0	0.25	0	0	0	NA	0	0	0.625	0.375	0	"0"	"BDM"
608195	6081952	2016	0.25	0.125	0.125	0.125	0.125	0.125	0.125	0	0	0	0	NA	0.25	0.5	0.25	0	0	"0"	"BDM"
614219	6142192	2016	0.125	0	0.25	0	0.25	0	0	0.25	0	0.125	0	NA	0	0.25	0.625	0.125	0	"0"	"BDM"
614259	6142592	2016	0.125	0.375	0.25	0.25	0	0	0	0	0	0	0	NA	0.25	0.375	0.375	0	0	"0"	"BDM"
620123	6201232	2017	0.125	0.25	0.125	0.125	0.125	0.125	0.125	0	0	0	0	NA	0.25	0.25	0.375	0.125	0	"0"	"BDM"
620203	6202032	2016	0.125	0.125	0.25	0.125	0.125	0	0.125	0.125	0	0	0	NA	0	0.5	0.5	0	0	"0"	"BDM"
620243	6202432	2016	0	0.25	0.25	0.25	0	0	0	0.25	0	0	0	NA	0	0.5	0.5	0	0	"0"	"BDM"
626107	6261072	2016	0.125	0.25	0.125	0.125	0.125	0.125	0.125	0	0	0	0	NA	0.25	0.375	0.375	0	0	"0"	"BDM"
626187	6261872	2016	0	0.125	0.375	0.25	0.125	0	0.125	0	0	0	0	NA	0.25	0.75	0	0	0	"0"	"BDM"
626227	6262272	2016	0.125	0.125	0.25	0.125	0.25	0	0.125	0	0	0	0	NA	0.125	0.25	0.625	0	0	"0"	"BDM"
626267	6262672	2016	0.25	0.125	0.375	0.25	0	0	0	0	0	0	0	NA	0.25	0.375	0.25	0.125	0	"0"	"BDM"
632211	6322112	2016	0.125	0.125	0.25	0.125	0.125	0	0.25	0	0	0	0	NA	0.125	0.25	0.5	0.125	0	"0"	"BDM"
632251	6322512	2016	0.125	0.25	0.25	0.125	0	0	0.125	0.125	0	0	0	NA	0	0.375	0.625	0	0	"0"	"BDM"
638195	6381952	2016	0.125	0.25	0.25	0.125	0.125	0	0.125	0	0	0	0	NA	0.125	0	0.625	0.25	0	"0"	"BDM"
638235	6382352	2016	0.125	0.25	0.25	0	0	0	0.125	0	0	0	0.25	NA	0	0	0.5	0.5	0	"0"	"BDM"
644099	6440992	2016	0.125	0.25	0.25	0.25	0.125	0	0	0	0	0	0	NA	0	0.125	0.5	0.375	0	"0"	"BDM"
644139	6441392	2016	0.125	0.25	0.25	0.25	0.125	0	0	0	0	0	0	NA	0	0.25	0.5	0.25	0	"0"	"BDM"
644179	6441792	2016	0.25	0.25	0.25	0.25	0	0	0	0	0	0	0	NA	0	0	0.5	0.5	0	"0"	"BDM"
644219	6442192	2016	0	0.125	0.375	0.125	0.125	0	0.25	0	0	0	0	NA	0.375	0.375	0.25	0	0	"0"	"BDM"
650163	6501632	2016	0.25	0.375	0.375	0	0	0	0	0	0	0	0	NA	0	0.25	0.375	0.375	0	"0"	"BDM"
650203	6502032	2016	0.125	0.125	0.25	0.125	0.125	0	0.125	0.125	0	0	0	NA	0.25	0.375	0.375	0	0	"0"	"BDM"
650243	6502432	2016	0	0	0.125	0.375	0.375	0	0.125	0	0	0	0	NA	0.25	0.5	0.25	0	0	"0"	"BDM"
656147	6561472	2016	0.25	0.25	0.25	0	0	0	0	0.25	0	0	0	NA	0	0	0.5	0.5	0	"0"	"BDM"
656187	6561872	2016	0	0.375	0.375	0.125	0.125	0	0	0	0	0	0	NA	0	0.375	0.375	0.25	0	"0"	"BDM"
656227	6562272	2016	0	0	0.25	0	0.125	0	0.25	0.375	0	0	0	NA	0.5	0.25	0.25	0	0	"0"	"BDM"
662251	6622512	2016	0.125	0.125	0.125	0.125	0.125	0.125	0.125	0	0.125	0	0	NA	0	0.625	0.375	0	0	"0"	"BDM"
668155	6681552	2016	0.125	0.25	0.25	0.25	0.125	0	0	0	0	0	0	NA	0	0.25	0.5	0.25	0	"0"	"BDM"
668235	6682352	2016	0.125	0.25	0.25	0.125	0	0	0.125	0.125	0	0	0	NA	0	0.25	0.5	0.25	0	"0"	"BDM"
674179	6741792	2017	0.125	0.25	0.25	0.25	0.125	0	0	0	0	0	0	NA	0	0.25	0.5	0.25	0	"0"	"BDM"
674219	6742192	2016	0.125	0.25	0.25	0.125	0.125	0	0.125	0	0	0	0	NA	0.25	0.25	0.5	0	0	"0"	"BDM"
680123	6801232	2016	0.25	0.375	0.375	0	0	0	0	0	0	0	0	NA	0	0.25	0.5	0.25	0	"0"	"BDM"
680243	6802432	2016	0	0.25	0.25	0.125	0.125	0	0.25	0	0	0	0	NA	0	0.625	0.375	0	0	"0"	"BDM"
680283	6802832	2016	0.25	0.125	0	0	0.125	0.125	0.25	0.125	0	0	0	NA	0	0	0.625	0.375	0	"0"	"BDM"
686187	6861872	2016	0.125	0.375	0.25	0.25	0	0	0	0	0	0	0	NA	0	0.125	0.375	0.5	0	"0"	"BDM"
686267	6862672	2016	0	0	0.25	0.125	0.125	0	0.5	0	0	0	0	NA	0.125	0.5	0.375	0	0	"0"	"BDM"
692131	6921312	2016	0.125	0.25	0.125	0.125	0	0	0.125	0.25	0	0	0	NA	0	0.125	0.625	0.25	0	"0"	"BDM"
692211	6922112	2016	0.125	0	0.25	0.125	0.125	0	0.25	0.125	0	0	0	NA	0.5	0.375	0.125	0	0	"0"	"BDM"
698115	6981152	2016	0.125	0.25	0.25	0.25	0.125	0	0	0	0	0	0	NA	0.125	0.125	0.5	0.25	0	"0"	"BDM"
698155	6981552	2016	0.125	0.25	0.25	0.25	0.125	0	0	0	0	0	0	NA	0	0.25	0.5	0.25	0	"0"	"BDM"
698235	6982352	2016	0.125	0.25	0.125	0.125	0	0.125	0.125	0.125	0	0	0	NA	0	0.25	0.75	0	0	"0"	"BDM"
704179	7041792	2016	0.125	0.25	0.25	0.25	0.125	0	0	0	0	0	0	NA	0	0.25	0.5	0.25	0	"0"	"BDM"
704219	7042192	2016	0.125	0.25	0.25	0.25	0.125	0	0	0	0	0	0	NA	0	0.5	0.5	0	0	"0"	"BDM"
704259	7042592	2016	0.125	0	0.25	0.25	0	0	0	0	0.25	0	0.125	NA	0	0.375	0.625	0	0	"0"	"BDM"
710123	7101232	2016	0.125	0.375	0.25	0.25	0	0	0	0	0	0	0	NA	0	0.375	0.5	0.125	0	"0"	"BDM"
710243	7102432	2016	0.125	0.25	0.125	0.125	0.125	0	0.25	0	0	0	0	NA	0	0.25	0.75	0	0	"0"	"BDM"
716107	7161072	2016	0.25	0.25	0.25	0.125	0.125	0	0	0	0	0	0	NA	0	0	0.625	0.375	0	"0"	"BDM"
716187	7161872	2016	0.125	0.25	0.25	0.125	0	0	0	0.25	0	0	0	NA	0	0.125	0.625	0.25	0	"0"	"BDM"
716227	7162272	2016	0.25	0	0.375	0.375	0	0	0	0	0	0	0	NA	0	0	1	0	0	"0"	"BDM"
716267	7162672	2016	0	0	0.25	0.25	0	0.25	0.25	0	0	0	0	NA	0.125	0.5	0.375	0	0	"0"	"BDM"
722131	7221312	2016	0.25	0.25	0.25	0.25	0	0	0	0	0	0	0	NA	0	0.125	0.5	0.375	0	"0"	"BDM"
722171	7221712	2016	0.125	0.25	0.25	0.125	0	0	0	0.25	0	0	0	NA	0	0	0.625	0.375	0	"0"	"BDM"
722211	7222112	2016	0.125	0.25	0.125	0	0.125	0.125	0.25	0	0	0	0	NA	0	0.375	0.5	0.125	0	"0"	"BDM"
722251	7222512	2016	0.125	0.25	0.125	0.125	0	0	0.25	0.125	0	0	0	NA	0	0.25	0.75	0	0	"0"	"BDM"
728155	7281552	2016	0.125	0.25	0.25	0	0.125	0	0	0.25	0	0	0	NA	0	0.125	0.5	0.375	0	"0"	"BDM"
728195	7281952	2016	0.125	0.25	0.25	0.25	0.125	0	0	0	0	0	0	NA	0	0.125	0.625	0.25	0	"0"	"BDM"
728235	7282352	2016	0.125	0	0.25	0.25	0	0	0	0.25	0	0	0.125	NA	0	0.125	0.5	0.375	0	"0"	"BDM"
734179	7341792	2016	0.125	0.25	0.125	0.125	0	0.125	0.25	0	0	0	0	NA	0	0.25	0.5	0.25	0	"0"	"BDM"
734219	7342192	2016	0.25	0	0	0	0	0.25	0	0.25	0	0	0.25	NA	0.125	0.25	0.375	0.25	0	"0"	"BDM"
734259	7342592	2016	0	0.25	0.25	0.125	0	0.125	0.25	0	0	0	0	NA	0	0.125	0.625	0.25	0	"0"	"BDM"
740163	7401632	2016	0.25	0.25	0.25	0.25	0	0	0	0	0	0	0	NA	0.125	0.125	0.375	0.375	0	"0"	"BDM"
740203	7402032	2016	0.125	0.25	0.125	0.125	0.125	0.125	0	0.125	0	0	0	NA	0	0.25	0.625	0.125	0	"0"	"BDM"
740243	7402432	2016	0.125	0.25	0.25	0.25	0.125	0	0	0	0	0	0	NA	0	0.375	0.5	0.125	0	"0"	"BDM"
746187	7461872	2016	0.25	0	0	0.375	0	0	0	0	0.375	0	0	NA	0	0	1	0	0	"0"	"BDM"
746227	7462272	2016	0.25	0.125	0.25	0	0	0	0.375	0	0	0	0	NA	0.125	0.375	0.375	0.125	0	"0"	"BDM"
746267	7462672	2016	0.125	0.25	0.125	0.125	0.125	0	0.125	0.125	0	0	0	NA	0	0.125	0.75	0.125	0	"0"	"BDM"
752171	7521712	2016	0.125	0.25	0.25	0.25	0	0.125	0	0	0	0	0	NA	0.125	0	0.875	0	0	"0"	"BDM"
752211	7522112	2016	0.375	0.125	0.25	0	0	0	0.25	0	0	0	0	NA	0	0.125	0.875	0	0	"0"	"BDM"
752251	7522512	2016	0	0.25	0.25	0.25	0.25	0	0	0	0	0	0	NA	0.125	0.5	0.375	0	0	"0"	"BDM"
758195	7581952	2016	0.25	0.25	0.125	0.125	0.125	0.125	0	0	0	0	0	NA	0.125	0.125	0.375	0.375	0	"0"	"BDM"
764139	7641392	2016	0.125	0.125	0.125	0.125	0	0.125	0.125	0.125	0	0.125	0	NA	0.125	0.25	0.625	0	0	"0"	"BDM"
776187	7761872	2016	0.25	0.25	0.25	0.25	0	0	0	0	0	0	0	NA	0	0.125	0.5	0.375	0	"0"	"BDM"
794179	7941792	2016	0.25	0.25	0.25	0.25	0	0	0	0	0	0	0	NA	0	0.125	0.5	0.375	0	"0"	"BDM"
806187	8061872	2016	0.125	0.25	0.25	0.25	0.125	0	0	0	0	0	0	NA	0	0	0.625	0.375	0	"0"	"BDM"
812171	8121712	2016	0.125	0.375	0.375	0.125	0	0	0	0	0	0	0	NA	0	0	0.375	0.5	0.125	"0"	"BDM"
818195	8181952	2016	0.25	0.375	0.375	0	0	0	0	0	0	0	0	NA	0	0.25	0.375	0.375	0	"0"	"BDM"
824179	8241792	2016	0.125	0.5	0.375	0	0	0	0	0	0	0	0	NA	0	0.25	0.5	0.25	0	"0"	"BDM"
830163	8301632	2016	0.125	0.25	0.25	0.25	0.125	0	0	0	0	0	0	NA	0	0	0.625	0.375	0	"0"	"BDM"
830203	8302032	2016	0.125	0.25	0.25	0.25	0.125	0	0	0	0	0	0	NA	0.125	0.125	0.5	0.25	0	"0"	"BDM"
728115	7281152	2016	0.125	0.25	0.125	0	0	0	0.25	0.25	0	0	0	NA	0	0	0.625	0.375	0	"0"	"BDM"
524155	5241552	2017	0.125	0.25	0.125	0.125	0.125	0.125	0.125	0	0	0	0	NA	0.375	0.125	0.5	0	0	"0"	"BDM"
536163	5361632	2017	0.125	0.25	0.125	0.125	0.125	0.125	0.125	0	0	0	0	NA	0	0.5	0.5	0	0	"0"	"BDM"
560139	5601392	2017	0.125	0.25	0.125	0.125	0.125	0.125	0.125	0	0	0	0	NA	0.25	0.125	0.375	0.25	0	"0"	"BDM"
560179	5601792	2017	0.125	0	0.25	0.25	0.125	0.125	0.125	0	0	0	0	NA	0.5	0.375	0.125	0	0	"0"	"BDM"
572107	5721072	2017	0	0	0	0	0	0.5	0.125	0	0.25	0.125	0	NA	0	0.375	0.625	0	0	"0"	"BDM"
578251	5782512	2017	0	0	0.25	0.25	0	0	0.25	0	0	0	0.25	NA	0	0.5	0.5	0	0	"0"	"BDM"
584195	5841952	2017	0.125	0.125	0.375	0.125	0	0.125	0	0.125	0	0	0	NA	0.5	0.25	0.25	0	0	"0"	"BDM"
590219	5902192	2017	0	0	0	0.125	0.25	0	0.25	0	0.25	0.125	0	NA	0.25	0.5	0.25	0	0	"0"	"BDM"
620219	6202192	2017	0	0.125	0.125	0.125	0.125	0.125	0.125	0.125	0	0.125	0	NA	0.25	0.25	0.5	0	0	"0"	"BDM"
620259	6202592	2017	0	0.375	0.25	0.125	0	0	0.25	0	0	0	0	NA	0	0.125	0.5	0.375	0	"0"	"BDM"
632227	6322272	2017	0.25	0.25	0.25	0.125	0.125	0	0	0	0	0	0	NA	0.125	0.375	0.375	0.125	0	"0"	"BDM"
638251	6382512	2017	NA	0.25	0.125	0.125	NA	NA	0.125	0.25	NA	NA	NA	"substrate area= 0.875"	NA	0.375	0.5	NA	NA	"flow area= 0.875"	"BDM"
644235	6442352	2017	0.25	0	0	0.25	0.125	0.125	0.25	0	0	0	0	NA	0.625	0.375	0	0	0	"0"	"BDM"
668251	6682512	2017	0.125	0.25	0.125	0.125	0.125	0	0.25	0	0	0	0	NA	0	0.375	0.625	0	0	"0"	"BDM"
674235	6742352	2018	0.125	0.25	0.125	0.125	0.125	0.125	0.125	0	0	0	0	NA	0.125	0.5	0.375	0	0	"0"	"BDM"
680259	6802592	2017	0.125	0.25	0.125	0	0.125	0.125	0	0.125	0.125	0	0	NA	0	0.25	0.75	0	0	"0"	"BDM"
686243	6862432	2017	0.125	0.25	0.25	0.125	0.125	0	0.125	0	0	0	0	NA	0.125	0.375	0.5	0	0	"0"	"BDM"
698251	6982512	2017	0	0.25	0.125	0.125	0.125	0	0.125	0.125	0	0	0.125	NA	0	0.25	0.75	0	0	"0"	"BDM"
704235	7042352	2017	0.125	0.25	0.25	0.125	0.125	0	0	0	0.125	0	0	NA	0.25	0.5	0.25	0	0	"0"	"BDM"
704275	7042752	2017	0	0	0.25	0.25	0.125	0.125	0.25	0	0	0	0	NA	0.125	0.5	0.375	0	0	"0"	"BDM"
710139	7101392	2017	0.125	0.25	0.25	0.125	0.125	0.125	0	0	0	0	0	NA	0.125	0.125	0.5	0.25	0	"0"	"BDM"
710259	7102592	2017	0.125	0	0.125	0.125	0	0	0	0.25	0.25	0	0.125	NA	0	0.25	0.75	0	0	"0"	"BDM"
722227	7222272	2017	0.5	0	0	0	0	0	0	0.5	0	0	0	NA	0	0	0.25	0.75	0	"0"	"BDM"
722267	7222672	2017	0.125	0	0.25	0.125	0.125	0.125	0.125	0	0	0	0.125	NA	0	0.25	0.375	0.375	0	"0"	"BDM"
734275	7342752	2017	0.125	0.25	0.125	0.125	0.125	0	0.25	0	0	0	0	NA	0	0.125	0.625	0.25	0	"0"	"BDM"
752187	7521872	2017	0.125	0.25	0.25	0.125	0.125	0	0.125	0	0	0	0	NA	0	0.5	0.5	0	0	"0"	"BDM"
752227	7522272	2017	0.5	0	0	0	0	0	0	0.5	0	0	0	NA	0	0	0.5	0.5	0	"0"	"BDM"
500139	5001392	2017	0.125	0	0.125	0.125	0.125	0.125	0.125	0.25	0	0	0	NA	0.125	0.25	0.5	0.125	0	"0"	"BDM"
554155	5541552	2017	0.125	0.25	0.125	0.125	0.125	0	0	0.25	0	0	0	NA	0	0	0.75	0.25	0	"0"	"BDM"
560219	5602192	2017	0	0.25	0.25	0.25	0	0	0	0.25	0	0	0	NA	0	0.5	0.5	0	0	"0"	"BDM"
566163	5661632	2017	0	0.375	0.125	0.125	0	0.125	0.125	0.125	0	0	0	NA	0.375	0.375	0.25	0	0	"0"	"BDM"
578171	5781712	2017	0	0.125	0.25	0.25	0.125	0	0.25	0	0	0	0	NA	0.125	0.375	0.5	0	0	"0"	"BDM"
590179	5901792	2017	0	0.25	0.25	0.125	0.125	0	0.25	0	0	0	0	NA	0.25	0.5	0.25	0	0	"0"	"BDM"
596123	5961232	2017	0.125	0.25	0.125	0.125	0.125	0.125	0.125	0	0	0	0	NA	0.125	0.25	0.625	0	0	"0"	"BDM"
596163	5961632	2017	0.125	0.25	0.25	0.125	0.125	0	0	0.125	0	0	0	NA	0.125	0.5	0.375	0	0	"0"	"BDM"
620179	6201792	2017	0	0	0.375	0.25	0.125	0	0	0	0	0.25	0	NA	0.25	0.375	0.375	0	0	"0"	"BDM"
626203	6262032	2017	0.125	0.125	0.25	0.25	0.125	0	0	0	0.125	0	0	NA	0.25	0.25	0.5	0	0	"0"	"BDM"
626243	6262432	2017	0	0.25	0.25	0.125	0	0.125	0.25	0	0	0	0	NA	0.125	0.375	0.5	0	0	"0"	"BDM"
638211	6382112	2017	0.125	0	0.25	0.25	0.125	0	0.25	0	0	0	0	NA	0	0.5	0.5	0	0	"0"	"BDM"
644195	6441952	2017	0.125	0.25	0.25	0.25	0	0	0	0	0	0	0.125	NA	0.125	0.375	0.5	0	0	"0"	"BDM"
704115	7041152	2017	0	0.25	0.125	0.125	0	0	0.25	0.25	0	0	0	NA	0	0.5	0.5	0	0	"0"	"BDM"
710099	7100992	2017	0.125	0.25	0.25	0	0	0	0.125	0	0	0	0.25	NA	0	0	0.625	0.375	0	"0"	"BDM"
710219	7102192	2017	0	0.25	0.25	0.125	0.125	0	0	0.25	0	0	0	NA	0.125	0.5	0.375	0	0	"0"	"BDM"
716083	7160832	2017	0	0	0.5	0	0	0	0.5	0	0	0	0	NA	0.5	0.5	0	0	0	"0"	"BDM"
716243	7162432	2017	0.125	0.25	0.25	0.125	0	0	0.25	0	0	0	0	NA	0	0.375	0.625	0	0	"0"	"BDM"
740259	7402592	2017	0	0	0.25	0.25	0.25	0	0.25	0	0	0	0	NA	0	0.5	0.5	0	0	"0"	"BDM"
746243	7462432	2017	0.125	0.25	0.25	0.25	0	0	0	0	0	0	0.125	NA	0	0.125	0.625	0.25	0	"0"	"BDM"
758251	7582512	2017	0.125	0.25	0.125	0.125	0.125	0	0.25	0	0	0	0	NA	0.125	0.5	0.375	0	0	"0"	"BDM"
578131	5781312	2017	0.125	0.25	0.25	0.125	0.125	0	0.125	0	0	0	0	NA	0.125	0.125	0.375	0.25	0.125	"0"	"BDM"
632187	6321872	2017	0.125	0	0.375	0.25	0	0.125	0.125	0	0	0	0	NA	0.75	0.25	0	0	0	"0"	"BDM"
656203	6562032	2017	0.125	0.25	0.125	0.125	0.125	0	0.125	0.125	0	0	0	NA	0.125	0.125	0.625	0.125	0	"0"	"BDM"
674195	6741952	2018	0.125	0.25	0.25	0.125	0	0	0.25	0	0	0	0	NA	0	0.25	0.5	0.25	0	"0"	"BDM"
716123	7161232	2017	0.25	0.25	0.25	0.25	0	0	0	0	0	0	0	NA	0	0.125	0.5	0.375	0	"0"	"BDM"
722107	7221072	2017	0	0.25	0.125	0.125	0	0	0.25	0.25	0	0	0	NA	0	0.125	0.5	0.375	0	"0"	"BDM"
764195	7641952	2017	0.25	0.25	0.25	0	0	0	0.125	0.125	0	0	0	NA	0	0	0.625	0.375	0	"0"	"BDM"
554115	5541152	2017	0.125	0.25	0.125	0.125	0.125	0	0.25	0	0	0	0	NA	0.25	0.375	0.375	0	0	"0"	"BDM"
578091	5780912	2017	0.125	0.25	0.25	0.125	0.125	0	0.125	0	0	0	0	NA	0	0.125	0.75	0.125	0	"0"	"BDM"
584155	5841552	2017	0	0.25	0.25	0.25	0	0	0.25	0	0	0	0	NA	0	0	0.5	0.5	0	"0"	"BDM"
590139	5901392	2017	0.125	0.25	0.25	0.125	0	0	0.25	0	0	0	0	NA	0	0	0.625	0.375	0	"0"	"BDM"
602107	6021072	2017	NA	0.375	0.125	0.125	0.125	NA	0.125	NA	NA	NA	NA	"substrate area= 0.875"	NA	0.25	0.5	0.125	NA	"flow area= 0.875"	"BDM"
608171	6081712	2017	0.125	0.25	0.125	0.125	0.125	0	0.125	0.125	0	0	0	NA	0	0.25	0.625	0.125	0	"0"	"BDM"
626123	6261232	2017	0.125	0.25	0.125	0.125	0	0	0.125	0.25	0	0	0	NA	0.125	0.625	0.25	0	0	"0"	"BDM"
626163	6261632	2017	0.125	0.25	0.125	0.125	0	0	0.125	0.25	0	0	0	NA	0	0	0.75	0.25	0	"0"	"BDM"
638131	6381312	2017	0.125	0.25	0.25	0.25	0.125	0	0	0	0	0	0	NA	0.125	0.25	0.125	0.5	0	"0"	"BDM"
686163	6861632	2017	0.125	0.375	0.125	0	0.375	0	0	0	0	0	0	NA	0	0.25	0.5	0.25	0	"0"	"BDM"
698211	6982112	2017	0	0.25	0.25	0.125	0.125	0.125	0.125	0	0	0	0	NA	0.75	0.25	0	0	0	"0"	"BDM"
704195	7041952	2017	0.25	0.25	0.25	0.25	0	0	0	0	0	0	0	NA	0	0.125	0.5	0.375	0	"0"	"BDM"
710179	7101792	2017	0.25	0.375	0.375	0	0	0	0	0	0	0	0	NA	0	0.25	0.375	0.375	0	"0"	"BDM"
722147	7221472	2017	0.25	0.375	0.375	0	0	0	0	0	0	0	0	NA	0	0.25	0.375	0.375	0	"0"	"BDM"
770139	7701392	2017	0.25	0.375	0	0.375	0	0	0	0	0	0	0	NA	0.125	0.25	0.375	0.25	0	"0"	"BDM"
776203	7762032	2017	0.25	0.25	0.25	0	0	0	0.25	0	0	0	0	NA	0	0.125	0.5	0.375	0	"0"	"BDM"
590099	5900992	2017	0.125	0.25	0.25	0.25	0	0	0	0.125	0	0	0	NA	0.125	0.25	0.375	0.25	0	"0"	"BDM"
644115	6441152	2017	0.25	0.25	0.25	0.25	0	0	0	0	0	0	0	NA	0	0.125	0.5	0.375	0	"0"	"BDM"
674155	6741552	2017	0.25	0.375	0.375	0	0	0	0	0	0	0	0	NA	0	0.25	0.375	0.375	0	"0"	"BDM"
680139	6801392	2017	0.25	0.25	0.25	0.25	0	0	0	0	0	0	0	NA	0	0.125	0.5	0.375	0	"0"	"BDM"
686123	6861232	2017	0.25	0.375	0.375	0	0	0	0	0	0	0	0	NA	0	0.25	0.75	0	0	"0"	"BDM"
716163	7161632	2017	0	0	0.25	0.25	0.25	0	0	0.25	0	0	0	NA	0	0.5	0.5	0	0	"0"	"BDM"
722187	7221872	2017	0.25	0.25	0.25	0.25	0	0	0	0	0	0	0	NA	0	0.125	0.5	0.375	0	"0"	"BDM"
734155	7341552	2017	0.125	0.25	0.25	0.125	0	0	0	0.25	0	0	0	NA	0	0	0.625	0.375	0	"0"	"BDM"
746163	7461632	2017	0.125	0.25	0.25	0	0	0	0	0.25	0	0	0.125	NA	0	0.125	0.5	0.375	0	"0"	"BDM"
746203	7462032	2017	0.25	0.25	0.25	0.25	0	0	0	0	0	0	0	NA	0	0	0.25	0.375	0.375	"0"	"BDM"
770179	7701792	2017	0.25	0.25	0.25	0.25	0	0	0	0	0	0	0	NA	0	0.125	0.5	0.375	0	"0"	"BDM"
782147	7821472	2017	0.25	0.375	0.375	0	0	0	0	0	0	0	0	NA	0	0.25	0.375	0.375	0	"0"	"BDM"
782187	7821872	2017	0.25	0.25	0.25	0.25	0	0	0	0	0	0	0	NA	0	0.125	0.5	0.375	0	"0"	"BDM"
788171	7881712	2017	0.25	0.375	0.375	0	0	0	0	0	0	0	0	NA	0	0.25	0.375	0.375	0	"0"	"BDM"
800139	8001392	2017	0.25	0.25	0.25	0	0	0	0	0.25	0	0	0	NA	0	0.125	0.5	0.375	0	"0"	"BDM"
800179	8001792	2017	0.25	0.25	0.25	0	0	0	0	0.25	0	0	0	NA	0	0	0.125	0.5	0.375	"0"	"BDM"
818171	8181712	2017	0.375	0.25	0.125	0.25	0	0	0	0	0	0	0	NA	0	0.25	0.5	0.25	0	"0"	"BDM"
824195	8241952	2017	0.125	0.625	0.25	0	0	0	0	0	0	0	0	NA	0	0	0.375	0.5	0.125	"0"	"BDM"
602147	6021472	2017	0.125	0.25	0.25	0.125	0	0	0.25	0	0	0	0	NA	0	0.25	0.625	0.125	0	"0"	"BDM"
608131	6081312	2017	0.125	0.25	0.25	0.25	0.125	0	0	0	0	0	0	NA	0	0.25	0.375	0.375	0	"0"	"BDM"
662227	6622272	2017	0	0	0.5	0.25	0.125	0	0.125	0	0	0	0	NA	0.5	0.25	0.25	0	0	"0"	"BDM"
680219	6802192	2017	0	0	0.25	0.25	0.125	0.125	0.25	0	0	0	0	NA	0.625	0.375	0	0	0	"0"	"BDM"
692227	6922272	2017	0	0	0.25	0	0.125	0.125	0.25	0	0.25	0	0	NA	0.125	0.625	0.25	0	0	"0"	"BDM"
506139	5061392	2018	0.125	0.25	0.25	0.125	0.125	0	0.125	0	0	0	0	NA	0.125	0	0.625	0.25	0	"0"	"BDM"
518147	5181472	2018	0.125	0.25	0.25	0.125	0.125	0	0.125	0	0	0	0	NA	0.125	0.375	0.5	0	0	"0"	"BDM"
524171	5241712	2018	0	0.25	0.25	0.125	0.125	0	0.125	0.125	0	0	0	NA	0.125	0	0.625	0.25	0	"0"	"BDM"
530155	5301552	2018	0	0.125	0.25	0.125	0.125	0.125	0.25	0	0	0	0	NA	0.375	0.125	0.25	0.25	0	"0"	"BDM"
536179	5361792	2018	0.25	0	0	0	0.125	0.25	0	0	0	0.25	0.125	NA	0	0.5	0.5	0	0	"0"	"BDM"
548147	5481472	2018	0.25	0.125	0.125	0.125	0.125	0.125	0.125	0	0	0	0	NA	0.25	0.25	0.375	0.125	0	"0"	"BDM"
554131	5541312	2018	0.125	0.25	0.125	0.125	0.125	0	0.125	0.125	0	0	0	NA	0.25	0	0.5	0.25	0	"0"	"BDM"
554171	5541712	2018	0.125	0.25	0.125	0	0	0	0.25	0	0.125	0.125	0	NA	0	0.375	0.375	0.25	0	"0"	"BDM"
560155	5601552	2018	0	0	0.25	0.25	0.125	0	0.25	0	0.125	0	0	NA	0.125	0.5	0.375	0	0	"0"	"BDM"
566139	5661392	2018	0.125	0.25	0.25	0.125	0.125	0	0.125	0	0	0	0	NA	0	0.25	0.625	0.125	0	"0"	"BDM"
566179	5661792	2018	0	0.25	0.25	0.125	0.125	0	0.25	0	0	0	0	NA	0	0.5	0.5	0	0	"0"	"BDM"
566219	5662192	2018	0	0	0.25	0.25	0	0.125	0.25	0	0	0.125	0	NA	0.625	0.375	0	0	0	"0"	"BDM"
572083	5720832	2018	0	0.25	0.125	0.125	0	0	0.25	0.25	0	0	0	NA	0	0.625	0.375	0	0	"0"	"BDM"
572163	5721632	2018	0	0.125	0.125	0.125	0.125	0.125	0.125	0.125	0.125	0	0	NA	0.125	0.375	0.5	0	0	"0"	"BDM"
578147	5781472	2018	0.125	0.25	0.125	0.125	0	0.125	0.25	0	0	0	0	NA	0	0.375	0.625	0	0	"0"	"BDM"
578227	5782272	2018	0.125	0	0.25	0.25	0	0	0.25	0	0	0	0.125	NA	0	0.375	0.625	0	0	"0"	"BDM"
584091	5840912	2018	0.125	0.25	0.125	0.125	0.125	0	0.125	0.125	0	0	0	NA	0.25	0.125	0.375	0.25	0	"0"	"BDM"
584171	5841712	2018	0.125	0.125	0.25	0.25	0.125	0	0.125	0	0	0	0	NA	0.125	0.5	0.375	0	0	"0"	"BDM"
590115	5901152	2018	0.125	0.25	0.25	0.125	0.125	0	0.125	0	0	0	0	NA	0	0.125	0.5	0.375	0	"0"	"BDM"
590155	5901552	2018	NA	NA	NA	NA	NA	NA	NA	NA	NA	NA	NA	NA	NA	NA	NA	NA	NA	NA	"BDM"
590195	5901952	2018	0	0	0.25	0.25	0.25	0	0.25	0	0	0	0	NA	0.125	0.375	0.375	0.125	0	"0"	"BDM"
590235	5902352	2018	0	0.375	0.375	0.25	0	0	0	0	0	0	0	NA	0	0.375	0.375	0.25	0	"0"	"BDM"
596099	5960992	2018	0.125	0.375	0.375	0.125	0	0	0	0	0	0	0	NA	0.125	0.875	0	0	0	"0"	"BDM"
596139	5961392	2018	0	0	0.375	0.375	0	0	0	0	0	0.25	0	NA	0.5	0.5	0	0	0	"0"	"BDM"
596179	5961792	2018	0.125	0.25	0.25	0.125	0	0	0.25	0	0	0	0	NA	0	0.125	0.625	0.25	0	"0"	"BDM"
602123	6021232	2018	0.125	0	0.25	0.125	0.125	0.125	0.125	0	0	0.125	0	NA	0	1	0	0	0	"0"	"BDM"
602203	6022032	2019	0	0	0	0.125	0	0	0.125	0.25	0	0.125	0.375	NA	0	0.25	0.125	0.375	0.25	"0"	"BDM"
602243	6022432	2018	0.125	0.25	0.25	0.125	0	0	0.125	0.125	0	0	0	NA	0	0.25	0.5	0.25	0	"0"	"BDM"
608147	6081472	2018	0.25	0.25	0.25	0.25	0	0	0	0	0	0	0	NA	0	0.125	0.5	0.375	0	"0"	"BDM"
608227	6082272	2018	0	0	0.125	0.25	0	0.125	0.25	0	0	0.25	0	NA	0.625	0.375	0	0	0	"0"	"BDM"
608267	6082672	2018	0	0.25	0.25	0.125	0.125	0	0.25	0	0	0	0	NA	0	0.375	0.625	0	0	"0"	"BDM"
614131	6141312	2018	0.125	0.25	0.25	0.125	0.125	0	0.125	0	0	0	0	NA	0.125	0.25	0.375	0.25	0	"0"	"BDM"
614171	6141712	2018	0.125	0.25	0.25	0.25	0.125	0	0	0	0	0	0	NA	0.125	0.125	0.5	0.25	0	"0"	"BDM"
614211	6142112	2018	0.375	0.25	0	0	0	0	0	0.375	0	0	0	NA	0	0.25	0.25	0.375	0.125	"0"	"BDM"
620115	6201152	2018	0.125	0.25	0.125	0.125	0.125	0	0.25	0	0	0	0	NA	0	0.125	0.75	0.125	0	"0"	"BDM"
620195	6201952	2018	0.125	0	0.25	0.25	0.125	0	0.25	0	0	0	0	NA	0	0.5	0.5	0	0	"0"	"BDM"
620235	6202352	2018	0	0	0	0	0.25	0	0.375	0	0.375	0	0	NA	0.375	0.625	0	0	0	"0"	"BDM"
626139	6261392	2018	0.125	0.25	0.25	0.25	0.125	0	0	0	0	0	0	NA	0	0	0.625	0.375	0	"0"	"BDM"
626179	6261792	2018	0.125	0.25	0.25	0.125	0	0	0.25	0	0	0	0	NA	0	0.125	0.625	0.25	0	"0"	"BDM"
626219	6262192	2018	0	0.25	0.125	0.125	0	0	0.25	0.25	0	0	0	NA	0	0.125	0.625	0.25	0	"0"	"BDM"
632123	6321232	2018	0.125	0.25	0.25	0.125	0	0	0.25	0	0	0	0	NA	0	0	0.625	0.375	0	"0"	"BDM"
638107	6381072	2018	0.125	0.25	0.25	0.125	0.125	0	0.125	0	0	0	0	NA	0.125	0.125	0.375	0.375	0	"0"	"BDM"
638187	6381872	2018	0.125	0.25	0.25	0.125	0.125	0.125	0	0	0	0	0	NA	0.25	0	0.5	0.25	0	"0"	"BDM"
644131	6441312	2018	0.375	0	0	0	0.25	0.125	0	0	0	0	0.25	NA	0	0.5	0.375	0.125	0	"0"	"BDM"
644171	6441712	2018	0.375	0	0.375	0	0	0	0.25	0	0	0	0	NA	0	0.375	0.375	0.25	0	"0"	"BDM"
644211	6442112	2018	0.125	0	0.25	0.25	0.125	0	0.25	0	0	0	0	NA	0.125	0.375	0.5	0	0	"0"	"BDM"
650115	6501152	2018	0.125	0.25	0.25	0.25	0.125	0	0	0	0	0	0	NA	0	0.25	0.5	0.25	0	"0"	"BDM"
650139	6501392	2018	0.125	0.25	0.125	0	0	0	0.25	0.25	0	0	0	NA	0	0	0.625	0.375	0	"0"	"BDM"
650195	6501952	2018	0.125	0.25	0.125	0.125	0.125	0	0.125	0.125	0	0	0	NA	0.125	0	0.75	0.125	0	"0"	"BDM"
650235	6502352	2018	0.125	0.25	0.125	0.125	0.125	0	0.25	0	0	0	0	NA	0.25	0.5	0.25	0	0	"0"	"BDM"
656139	6561392	2019	0.125	0.25	0.25	0.125	0	0	0.25	0	0	0	0	NA	0	0	0.625	0.375	0	"0"	"BDM"
656219	6562192	2018	0.125	0	0.25	0.125	0.125	0.125	0.25	0	0	0	0	NA	0.25	0.375	0.375	0	0	"0"	"BDM"
668147	6681472	2018	0.125	0.25	0.125	0	0	0	0.25	0.25	0	0	0	NA	0	0	0.625	0.375	0	"0"	"BDM"
668267	6682672	2018	0	0.375	0.125	0.125	0.125	0	0.125	0.125	0	0	0	NA	0	0.25	0.5	0.25	0	"0"	"BDM"
680155	6801552	2018	0.375	0.375	0.25	0	0	0	0	0	0	0	0	NA	0	0	0.75	0.25	0	"0"	"BDM"
680195	6801952	2018	0.125	0.25	0.125	0.125	0.125	0	0.25	0	0	0	0	NA	0	0.375	0.5	0.125	0	"0"	"BDM"
686179	6861792	2019	0.125	0.375	0.375	0	0.125	0	0	0	0	0	0	NA	0	0.375	0.375	0.25	0	"0"	"BDM"
686219	6862192	2018	0.125	0	0.125	0.125	0.125	0.125	0.125	0.25	0	0	0	NA	0.125	0.625	0.25	0	0	"0"	"BDM"
692163	6921632	2018	0.25	0.375	0.375	0	0	0	0	0	0	0	0	NA	0	0.25	0.375	0.375	0	"0"	"BDM"
692243	6922432	2018	0.125	0.25	0.125	0.125	0.125	0	0.125	0.125	0	0	0	NA	0	0.125	0.75	0.125	0	"0"	"BDM"
698107	6981072	2018	0.125	0.25	0.25	0.125	0.125	0	0.125	0	0	0	0	NA	0	0.125	0.75	0.125	0	"0"	"BDM"
698147	6981472	2018	0.125	0.25	0.25	0	0.125	0	0	0.25	0	0	0	NA	0	0.125	0.5	0.375	0	"0"	"BDM"
698227	6982272	2018	0.125	0.25	0.25	0.25	0	0	0	0	0	0	0.125	NA	0	0.125	0.625	0.25	0	"0"	"BDM"
704131	7041312	2018	0.25	0.25	0.25	0.25	0	0	0	0	0	0	0	NA	0	0.125	0.5	0.375	0	"0"	"BDM"
704211	7042112	2018	0.25	0.375	0	0	0	0	0	0.375	0	0	0	NA	0	0.25	0.5	0.25	0	"0"	"BDM"
704251	7042512	2018	0.125	0.125	0.125	0.125	0.125	0	0.125	0.125	0	0	0.125	NA	0	0	1	0	0	"0"	"BDM"
710115	7101152	2018	0.125	0.25	0.25	0.125	0	0	0.25	0	0	0	0	NA	0	0.125	0.625	0.25	0	"0"	"BDM"
710235	7102352	2018	0.125	0.25	0.125	0.125	0.125	0	0.25	0	0	0	0	NA	0	0.375	0.625	0	0	"0"	"BDM"
716099	7160992	2018	0	0.25	0.125	0.125	0.125	0.125	0.125	0.125	0	0	0	NA	0	0.25	0.75	0	0	"0"	"BDM"
716219	7162192	2018	0.125	0.25	0.25	0.125	0	0	0.25	0	0	0	0	NA	0	0.375	0.625	0	0	"0"	"BDM"
722083	7220832	2018	0.125	0.25	0	0.125	0	0	0.25	0.25	0	0	0	NA	0	0.5	0.5	0	0	"0"	"BDM"
722123	7221232	2018	0.125	0.25	0.125	0.125	0.125	0	0.125	0.125	0	0	0	NA	0	0	0.875	0.125	0	"0"	"BDM"
722163	7221632	2018	0.25	0.375	0.375	0	0	0	0	0	0	0	0	NA	0	0.25	0.375	0.375	0	"0"	"BDM"
722203	7222032	2018	0.375	0.25	0.25	NA	NA	NA	NA	NA	NA	NA	NA	"substrate area= 0.875"	NA	0.375	0.375	0.125	NA	"flow area= 0.875"	"BDM"
722243	7222432	2018	0.125	0	0.25	0.25	0.125	0	0	0.25	0	0	0	NA	0.125	0.125	0.5	0.25	0	"0"	"BDM"
728187	7281872	2018	0.125	0.25	0.25	0.25	0	0	0.125	0	0	0	0	NA	0	0.125	0.5	0.375	0	"0"	"BDM"
728227	7282272	2018	0.125	0.25	0.125	0.125	0.125	0	0.125	0.125	0	0	0	NA	0.125	0.125	0.625	0.125	0	"0"	"BDM"
728267	7282672	2018	0	0	0	0	0	0.5	0.5	0	0	0	0	NA	1	0	0	0	0	"0"	"BDM"
734211	7342112	2018	0.125	0.25	0.25	0.125	0	0	0	0.25	0	0	0	NA	0	0	0.5	0.375	0.125	"0"	"BDM"
734251	7342512	2018	0	0.25	0.25	0	0.25	0	0	0.25	0	0	0	NA	0.125	0.125	0.375	0.375	0	"0"	"BDM"
740155	7401552	2018	0.25	0.375	0.375	0	0	0	0	0	0	0	0	NA	0	0.25	0.375	0.375	0	"0"	"BDM"
740195	7401952	2018	0.25	0.375	0.375	0	0	0	0	0	0	0	0	NA	0	0.25	0.375	0.375	0	"0"	"BDM"
740235	7402352	2018	NA	NA	NA	NA	NA	NA	NA	NA	NA	NA	NA	NA	NA	NA	NA	NA	NA	NA	"BDM"
746219	7462192	2018	0.125	0.25	0.25	0	0.25	0	0	0.125	0	0	0	NA	0.125	0.125	0.375	0.375	0	"0"	"BDM"
752163	7521632	2018	0	0	0	0.25	0.25	0	0.25	0.25	0	0	0	NA	0	0	1	0	0	"0"	"BDM"
758187	7581872	2018	0.125	0	0.25	0	0	0	0.25	0.25	0	0	0.125	NA	0	0	0.625	0.375	0	"0"	"BDM"
764211	7642112	2018	0.125	0.25	0.25	0.125	0	0	0	0.25	0	0	0	NA	0	0	0.625	0.375	0	"0"	"BDM"
764251	7642512	2018	0	0.25	0.25	0.25	0.25	0	0	0	0	0	0	NA	0.125	0.375	0.375	0.125	0	"0"	"BDM"
770195	7701952	2018	0.25	0.375	0.25	0.125	0	0	0	0	0	0	0	NA	0	0.125	0.5	0.375	0	"0"	"BDM"
776179	7761792	2018	0.25	0.25	0.25	0.25	0	0	0	0	0	0	0	NA	0	0	0.5	0.5	0	"0"	"BDM"
794171	7941712	2018	0.25	0.25	0.25	0	0	0	0	0.25	0	0	0	NA	0	0	0.5	0.5	0	"0"	"BDM"
806179	8061792	2018	0.125	0.25	0.375	0	0	0	0	0.25	0	0	0	NA	0	0	0.125	0.5	0.375	"0"	"BDM"
818187	8181872	2018	0.125	0.25	0.25	0.125	0	0	0.25	0	0	0	0	NA	0	0.125	0.5	0.375	0	"0"	"BDM"
824171	8241712	2018	0	0.375	0.375	0	0.25	0	0	0	0	0	0	NA	0	0.375	0.375	0.25	0	"0"	"BDM"
830195	8301952	2018	0	0.5	0.25	0	0.125	0	0	0	0	0.125	0	NA	0	0.625	0.375	0	0	"0"	"BDM"
530171	5301712	2019	0	0	0.25	0.25	0.25	0.125	0.125	0	0	0	0	NA	0	0.375	0.625	0	0	"0"	"BDM"
536155	5361552	2019	0.125	0.25	0.125	0.125	0.125	0	0.25	0	0	0	0	NA	0	0.25	0.75	0	0	"0"	"BDM"
536195	5361952	2019	0.125	0	0.25	0.125	0.125	0.125	0.25	0	0	0	0	NA	0.125	0.5	0.375	0	0	"0"	"BDM"
548163	5481632	2019	0.125	0.25	0.125	0.125	0.125	0	0.25	0	0	0	0	NA	0	0.25	0.625	0.125	0	"0"	"BDM"
554147	5541472	2019	0.125	0.25	0.125	0.125	0	0.125	0.125	0.125	0	0	0	NA	0	0.25	0.625	0.125	0	"0"	"BDM"
554187	5541872	2019	0.125	0.25	0.125	0.125	0.125	0	0.25	0	0	0	0	NA	0	0	0.75	0.25	0	"0"	"BDM"
560131	5601312	2019	0.125	0	0.25	0.125	0.125	0	0.125	0	0.25	0	0	NA	0	0	0.625	0.375	0	"0"	"BDM"
566155	5661552	2019	0.125	0.25	0.125	0.125	0.125	0	0.125	0.125	0	0	0	NA	0	0.125	0.75	0.125	0	"0"	"BDM"
566195	5661952	2019	0.125	0.25	0.25	0.125	0	0.125	0.125	0	0	0	0	NA	0.125	0.5	0.375	0	0	"0"	"BDM"
572099	5720992	2019	0.125	0.25	0.125	0.125	0.125	0	0.125	0.125	0	0	0	NA	0	0.25	0.375	0.375	0	"0"	"BDM"
572139	5721392	2019	0	0.25	0.25	0.25	0	0	0.25	0	0	0	0	NA	0	0.5	0.5	0	0	"0"	"BDM"
578163	5781632	2019	0	0.25	0.25	0.25	0.125	0	0	0.125	0	0	0	NA	0	0.375	0.5	0.125	0	"0"	"BDM"
578203	5782032	2019	0.125	0	0.25	0.125	0	0.25	0	0	0.25	0	0	NA	0.125	0.875	0	0	0	"0"	"BDM"
578243	5782432	2019	0.125	0.25	0.125	0.125	0.125	0	0	0.125	0.125	0	0	NA	0.25	0	0.625	0.125	0	"0"	"BDM"
584107	5841072	2019	0.125	0	0.25	0.125	0.125	0	0.25	0.125	0	0	0	NA	0	0.125	0.75	0.125	0	"0"	"BDM"
584147	5841472	2019	0.125	0.25	0.125	0.125	0.125	0	0.125	0.125	0	0	0	NA	0	0	0.75	0.25	0	"0"	"BDM"
590131	5901312	2019	0.125	0.25	0.25	0.125	0.125	0	0.125	0	0	0	0	NA	0.125	0.125	0.375	0.375	0	"0"	"BDM"
590171	5901712	2019	0.125	0.25	0.25	0.125	0	0	0.25	0	0	0	0	NA	0	0.125	0.625	0.25	0	"0"	"BDM"
590211	5902112	2019	0.375	0	0.375	0.25	0	0	0	0	0	0	0	NA	0.25	0.375	0.375	0	0	"0"	"BDM"
596195	5961952	2019	0	0	0.375	0.25	0.125	0	0.25	0	0	0	0	NA	0.25	0.375	0.25	0.125	0	"0"	"BDM"
596235	5962352	2019	0	0.25	0.25	0.25	0	0	0.25	0	0	0	0	NA	0	0.5	0.5	0	0	"0"	"BDM"
602099	6020992	2019	0.125	0.25	0.25	0.125	0	0	0	0.25	0	0	0	NA	0	0	0.5	0.5	0	"0"	"BDM"
602179	6021792	2019	0	0.25	0.25	0.125	0.125	0	0.125	0.125	0	0	0	NA	0.25	0.625	0.125	0	0	"0"	"BDM"
602219	6022192	2019	0	0	0.25	0.25	0.25	0	0.25	0	0	0	0	NA	0.125	0.5	0.375	0	0	"0"	"BDM"
608163	6081632	2019	0	0.25	0.25	0.25	0.125	0	0.125	0	0	0	0	NA	0.25	0.5	0.25	0	0	"0"	"BDM"
608203	6082032	2019	0.125	0	0.25	0.25	0.125	0	0.25	0	0	0	0	NA	0.375	0.5	0.125	0	0	"0"	"BDM"
614107	6141072	2019	0.125	0.25	0.125	0.125	0.125	0.125	0.125	0	0	0	0	NA	0.25	0.125	0.25	0.375	0	"0"	"BDM"
614187	6141872	2019	1	0	0	0	0	0	0	0	0	0	0	NA	0	0.25	0.375	0.375	0	"0"	"BDM"
620211	6202112	2019	0.125	0.125	0.125	0.125	0.125	0.125	0.125	0	0	0	0.125	NA	0	0.375	0.5	0.125	0	"0"	"BDM"
620251	6202512	2019	0.125	0.25	0.25	0.25	0	0	0.125	0	0	0	0	NA	0	0.375	0.625	0	0	"0"	"BDM"
626115	6261152	2019	0	0.25	0.25	0.125	0.125	0	0	0.25	0	0	0	NA	0	0.25	0.375	0.375	0	"0"	"BDM"
626195	6261952	2019	0.125	0	0.25	0.25	0.125	0	0.25	0	0	0	0	NA	0.375	0.375	0.25	0	0	"0"	"BDM"
626235	6262352	2019	0.125	0.125	0.125	0.125	0.125	0	0.125	0.125	0.125	0	0	NA	0	0.375	0.625	0	0	"0"	"BDM"
632179	6321792	2019	0	0.375	0.375	0.25	0	0	0	0	0	0	0	NA	0	0.375	0.375	0.25	0	"0"	"BDM"
638123	6381232	2019	0.125	0.25	0.125	0.25	0	0	0.25	0	0	0	0	NA	0	0	0.375	0.625	0	"0"	"BDM"
638203	6382032	2019	0	0.25	0.375	0.25	0	0	0.125	0	0	0	0	NA	0.25	0.5	0.25	0	0	"0"	"BDM"
644187	6441872	2019	0.125	0.25	0.125	0	0	0	0.25	0.25	0	0	0	NA	0	0.125	0.625	0.25	0	"0"	"BDM"
650171	6501712	2019	0.125	0.25	0.25	0.125	0	0	0	0.25	0	0	0	NA	0.125	0.125	0.5	0.25	0	"0"	"BDM"
650211	6502112	2019	0.25	0.25	0.25	0.125	0	0	0	0.125	0	0	0	NA	0	0.375	0.5	0.125	0	"0"	"BDM"
650251	6502512	2019	0	0	0.25	0.125	0.125	0	0.25	0	0.25	0	0	NA	0.125	0.25	0.375	0.25	0	"0"	"BDM"
656195	6561952	2019	0	0.25	0.375	0.25	0	0	0.125	0	0	0	0	NA	0.25	0.5	0.25	0	0	"0"	"BDM"
662179	6621792	2019	0.125	0.25	0.375	0.125	0	0.125	0	0	0	0	0	NA	0	0.625	0.375	0	0	"0"	"BDM"
662219	6622192	2019	0.125	0.25	0.25	0.125	0	0.125	0.125	0	0	0	0	NA	0.625	0.375	0	0	0	"0"	"BDM"
662259	6622592	2019	0.125	0.25	0.125	0.125	0.125	0	0.25	0	0	0	0	NA	0	0.5	0.5	0	0	"0"	"BDM"
668163	6681632	2019	0.125	0.25	0.25	0.25	0.125	0	0	0	0	0	0	NA	0	0.25	0.5	0.25	0	"0"	"BDM"
668203	6682032	2019	0	0	0.25	0.375	0.125	0	0	0	0	0.25	0	NA	0.25	0.375	0.375	0	0	"0"	"BDM"
680131	6801312	2019	0.25	0.25	0.25	0	0	0	0.25	0	0	0	0	NA	0	0.125	0.5	0.375	0	"0"	"BDM"
680171	6801712	2019	0.25	0.25	0.25	0.25	0	0	0	0	0	0	0	NA	0	0.125	0.5	0.375	0	"0"	"BDM"
680211	6802112	2019	0	0.25	0.25	0.25	0	0	0.25	0	0	0	0	NA	0.125	0.5	0.375	0	0	"0"	"BDM"
680251	6802512	2019	0.125	0.125	0.125	0.25	0.125	0	0.25	0	0	0	0	NA	0.5	0.375	0.125	0	0	"0"	"BDM"
680291	6802912	2019	0	0.125	0.25	0.125	0.125	0.125	0.25	0	0	0	0	NA	0.125	0.375	0.5	0	0	"0"	"BDM"
686155	6861552	2019	0.25	0.25	0.25	0	0.25	0	0	0	0	0	0	NA	0	0.25	0.5	0.25	0	"0"	"BDM"
692139	6921392	2019	0.25	0.375	0.375	0	0	0	0	0	0	0	0	NA	0	0.25	0.375	0.375	0	"0"	"BDM"
692219	6922192	2019	0.125	0.25	0.25	0.25	0.125	0	0	0	0	0	0	NA	0.25	0.375	0.375	0	0	"0"	"BDM"
692259	6922592	2019	0.125	0.25	0.25	0.125	0.125	0	0.125	0	0	0	0	NA	0.125	0.25	0.625	0	0	"0"	"BDM"
698283	6982832	2019	0.125	0	0.125	0.125	0.125	0.125	0.125	0.25	0	0	0	NA	0.125	0.125	0.625	0.125	0	"0"	"BDM"
704107	7041072	2019	0.125	0.25	0.125	0	0	0	0.25	0.25	0	0	0	NA	0	0	0.625	0.375	0	"0"	"BDM"
704147	7041472	2019	0.25	0.25	0.25	0	0	0	0.25	0	0	0	0	NA	0	0.375	0.5	0.125	0	"0"	"BDM"
704267	7042672	2019	0.125	0	0.125	0.125	0.125	0.125	0.25	0	0	0	0.125	NA	0.25	0.5	0.25	0	0	"0"	"BDM"
710171	7101712	2019	0.125	0.25	0.25	0.125	0.125	0	0.125	0	0	0	0	NA	0.125	0	0.625	0.25	0	"0"	"BDM"
710211	7102112	2019	0.125	0.25	0.25	0.125	0	0	0	0.25	0	0	0	NA	0	0	0.625	0.375	0	"0"	"BDM"
710251	7102512	2019	0.125	0	0.25	0.125	0	0	0.25	0.25	0	0	0	NA	0	0.25	0.5	0.25	0	"0"	"BDM"
716115	7161152	2019	0.125	0.25	0.25	0.125	0	0	0.25	0	0	0	0	NA	0	0.125	0.625	0.25	0	"0"	"BDM"
716155	7161552	2019	0.125	0.25	0.25	0.25	0.125	0	0	0	0	0	0	NA	0	0	0.5	0.5	0	"0"	"BDM"
716235	7162352	2019	0.125	0.25	0.125	0.125	0.125	0	0.25	0	0	0	0	NA	0	0.125	0.625	0.25	0	"0"	"BDM"
716275	7162752	2019	0.125	0.25	0.125	0.125	0.125	0	0.25	0	0	0	0	NA	0.125	0.375	0.5	0	0	"0"	"BDM"
722179	7221792	2019	0.125	0.25	0.25	0.25	0.125	0	0	0	0	0	0	NA	0	0.125	0.5	0.375	0	"0"	"BDM"
722219	7222192	2019	0	0.25	0.25	0.25	0	0	0	0.25	0	0	0	NA	0.125	0.375	0.375	0.125	0	"0"	"BDM"
722259	7222592	2019	0	0	0	0.25	0.125	0.125	0.25	0	0	0.25	0	NA	0	0.5	0.5	0	0	"0"	"BDM"
728203	7282032	2019	0.125	0.25	0.25	0.125	0	0	0.25	0	0	0	0	NA	0	0.375	0.5	0.125	0	"0"	"BDM"
728243	7282432	2019	0.125	0.25	0.125	0	0.125	0	0	0.25	0	0	0.125	NA	0	0.125	0.625	0.25	0	"0"	"BDM"
734147	7341472	2019	0.125	0.25	0.125	0.125	0	0	0.125	0.25	0	0	0	NA	0.125	0.125	0.75	0	0	"0"	"BDM"
734187	7341872	2019	0.125	0.25	0.25	0.25	0.125	0	0	0	0	0	0	NA	0.125	0	0.5	0.375	0	"0"	"BDM"
734227	7342272	2019	0.125	0.25	0.125	0.125	0.125	0	0.25	0	0	0	0	NA	0	0.25	0.5	0.25	0	"0"	"BDM"
734267	7342672	2019	0	0	0	0	0.125	0.125	0.25	0	0.25	0.125	0.125	NA	0	0.5	0.5	0	0	"0"	"BDM"
740131	7401312	2019	0.375	0.375	0.25	0	0	0	0	0	0	0	0	NA	0	0.125	0.625	0.25	0	"0"	"BDM"
746155	7461552	2019	0.25	0.25	0.25	0.25	0	0	0	0	0	0	0	NA	0	0.125	0.5	0.375	0	"0"	"BDM"
752179	7521792	2019	0.125	0.25	0.125	0	0.125	0	0.125	0.25	0	0	0	NA	0	0	0.75	0.25	0	"0"	"BDM"
752259	7522592	2019	0.125	0	0.25	0.25	0.125	0	0.25	0	0	0	0	NA	0.125	0.125	0.375	0.375	0	"0"	"BDM"
758163	7581632	2019	0.25	0.25	0.25	0.25	0	0	0	0	0	0	0	NA	0	0.125	0.5	0.375	0	"0"	"BDM"
758203	7582032	2019	0	0	0.5	0.25	0.25	0	0	0	0	0	0	NA	0.125	0.125	0.75	0	0	"0"	"BDM"
758243	7582432	2019	0.125	0.25	0.125	0.125	0.125	0	0.25	0	0	0	0	NA	0	0.125	0.625	0.25	0	"0"	"BDM"
764147	7641472	2019	0.125	0.25	0.25	0.125	0	0	0	0.25	0	0	0	NA	0	0	0.625	0.375	0	"0"	"BDM"
770171	7701712	2019	0.25	0.25	0.25	0.25	0	0	0	0	0	0	0	NA	0	0	0.5	0.5	0	"0"	"BDM"
770211	7702112	2019	0.125	0.25	0.25	0	0	0	0	0.25	0	0	0.125	NA	0	0	0.375	0.625	0	"0"	"BDM"
776155	7761552	2019	0.25	0.25	0.25	0.25	0	0	0	0	0	0	0	NA	0	0.125	0.5	0.375	0	"0"	"BDM"
776195	7761952	2019	0.125	0.25	0.25	0.125	0	0	0.25	0	0	0	0	NA	0	0	0.625	0.375	0	"0"	"BDM"
782179	7821792	2019	0.125	0.25	0.25	0.125	0	0	0.25	0	0	0	0	NA	0	0.5	0.5	0	0	"0"	"BDM"
794147	7941472	2019	0.25	0.25	0.25	0	0	0	0.25	0	0	0	0	NA	0	0.125	0.5	0.375	0	"0"	"BDM"
794187	7941872	2019	0.25	0.25	0.25	0.25	0	0	0	0	0	0	0	NA	0	0	0.5	0.5	0	"0"	"BDM"
800131	8001312	2019	0.125	0.25	0.125	0.125	0.125	0	0.25	0	0	0	0	NA	0	0	0.75	0.25	0	"0"	"BDM"
800171	8001712	2019	0	0.25	0.25	0.25	0.125	0.125	0	0	0	0	0	NA	0	0.25	0.5	0.25	0	"0"	"BDM"
818163	8181632	2019	0.125	0.25	0.25	0.25	0.125	0	0	0	0	0	0	NA	0	0.25	0.5	0.25	0	"0"	"BDM"
818203	8182032	2019	0.125	0.25	0.25	0.125	0	0	0	0.25	0	0	0	NA	0	0	0.375	0.375	0.25	"0"	"BDM"
824187	8241872	2019	0.125	0.375	0.25	0.125	0.125	0	0	0	0	0	0	NA	0.125	0.25	0.25	0.375	0	"0"	"BDM"
