Title
River Invertebrate Data Switzerland

Description
Swiss river invertebrate sampling data from national and cantonal authorities

Variable
Invertebrates

SystemType
River

StartingDate
2010

Scope
Observations

DataFormat
CSV

Owner
CSCF - Centre Suisse de Cartographie  de la Faune, Passage Max.-de-Meuron 6, 2000 Neuchâtel, http://www.cscf.ch

DataCurator
Nele Schuwirth <nele.schuwirth@eawag.ch>

PointOfContact
Nele Schuwirth <nele.schuwirth@eawag.ch>

Creator
CSCF - Centre Suisse de Cartographie  de la Faune, Passage Max.-de-Meuron 6, 2000 Neuchâtel, http://www.cscf.ch

AccessRights
Private; Permission by Owner needed

spatial
{"type": "MultiPoint", "coordinates": [ [6.06755882229651, 46.0958221968497], [6.07521444694163, 46.1362208381102], [6.1436700310494, 46.1669860380094], [6.13779058408001, 46.1659288317169], [6.12087654875128, 46.1853457780604], [6.10634182900399, 46.144059856045], [6.09887702669999, 46.1581415153056], [6.07613528845812, 46.1641222450601], [6.1163183487817, 46.1810190360453], [6.09197703422056, 46.1387162482328], [6.10349540347845, 46.175740024754], [6.0966239819584, 46.1734093890478], [6.13419893339822, 46.1753340165299], [6.14381281719229, 46.1686070900799], [6.14088481547003, 46.1447321052932], [6.0765208832816, 46.1538704606982], [6.07132360286996, 46.1468800511375], [5.993972463881, 46.1887427099364], [6.10010703096754, 46.17659960976], [6.14492429419973, 46.1490519130195], [6.161650853676, 46.1533808083], [6.10117808412235, 46.151421175016], [7.77746335704937, 46.1936725908913], [6.89747884945489, 46.5598063333956], [6.8263231818497, 46.5576284966967], [6.85507274964454, 46.5871959573197], [6.87240901640017, 46.5452460358718], [6.93947839260743, 46.5888297597582], [6.86213906076149, 46.5301803924183], [6.82407692314134, 46.5533163613665], [6.90689966727516, 46.6150668640389], [6.87308761053203, 46.5714002712252], [6.875522382659, 46.5241932547277], [6.79906826356122, 46.6469694339908], [6.7927801036207, 46.6517647398979], [6.86385610738654, 46.5292805038348], [6.81497799006633, 46.6062614814729], [6.89239447848139, 46.6100325521843], [6.81821264826384, 46.6030586363173], [6.88905843731879, 46.5272640883103], [6.92041005441498, 46.5784174071341], [6.83051563357695, 46.5524243863473], [6.83670692003869, 46.5585205193471], [6.87813034967994, 46.5731794023453], [6.919773246243, 46.5944899537597], [6.91560846589068, 46.5933374305371], [6.81266465081179, 46.5715607458405], [6.86476107097333, 46.5951795180688], [6.84210883447452, 46.5819291693808], [6.82832285035968, 46.5722755037061], [6.9067292782286, 46.5885915008482], [6.88359894015591, 46.5538202263291], [6.86354764749604, 46.5300975660128], [6.84570935851706, 46.5450560229556], [6.90701031045987, 46.5653027179069], [6.81996597825607, 46.5695855977306], [6.8622094115959, 46.565210538446], [6.85906992418389, 46.5344018354446], [6.81279383284932, 46.5773098165603], [6.81313960464207, 46.5902837533049], [6.80926467475077, 46.6216399426083], [6.81872327275977, 46.5562289659063], [6.81833074824467, 46.5677235477533], [6.87534760514054, 46.6024110356677], [6.88974334394249, 46.5780037778756], [6.89820083297258, 46.58284800287], [6.84272533707767, 46.5828139907111], [6.91449844849354, 46.5732177631971], [7.30831427048397, 46.8915033966584], [7.28824766507879, 46.855299583895], [7.232157382195, 46.8195543832391], [7.26081226779659, 46.8444747886408], [7.28659501742218, 46.7579490593108], [7.25586445984145, 46.8305871139684], [7.25571203328516, 46.8137204919009], [7.2871129781058, 46.7273291355868], [7.2955492461469, 46.8758632953289], [7.25952550064567, 46.8371865248348], [7.35204351372895, 46.8781867965994], [7.29454192594465, 46.6837644987814], [7.26922052078742, 46.8929904212028], [7.28451217617366, 46.8318256964137], [7.31983554823767, 46.825876922355], [7.30861308221494, 46.8818787579725], [7.30673884297115, 46.704513927186], [7.27971948235849, 46.8702922920702], [7.3033620911282, 46.8101346698193], [7.29906683423877, 46.7233323885177], [7.26486935215343, 46.7329016339695], [7.29718918350214, 46.7310392135086], [7.35246667799327, 46.712221792929], [7.30240374405526, 46.6968896327778], [7.30741605896751, 46.8831817124375], [7.2594125811508, 46.8041552300662], [7.28757221459208, 46.6707569303424], [6.14036721494195, 46.1447261545113], [7.75916750763743, 47.5254462722378], [7.80061868861403, 47.5386711642997], [7.8280804564771, 47.5254060649872], [7.83771433699198, 47.5794713411931], [7.89072452883497, 47.5314024440622], [8.09501409215091, 47.364092346582], [8.11039496397519, 47.3323966055362], [8.14194905034066, 47.3223144438477], [8.1355372270846, 47.2871385897496], [8.14353907668786, 47.2854529000888], [8.17158610185582, 47.2601552088409], [8.17753130184346, 47.230496663756], [8.18985296985978, 47.2296344195464], [7.92735226983355, 47.5056477907175], [8.38567160747145, 47.11689967737], [8.33889892924848, 47.0977731568466], [8.28556211017174, 47.0669372109639], [8.29028426166825, 47.0683325854568], [8.34138724088527, 47.0992558933948], [8.40611381212984, 47.1375272289827], [8.2930666231486, 47.0694363642475], [8.39701623572553, 47.1286078514037], [6.07103238170787, 46.2668953724871], [6.02854750296354, 46.2968828474728], [6.0088110542319, 46.1860524165316], [5.99082625853341, 46.1779509447007], [6.00562633231093, 46.1889361041812], [6.00925168367206, 46.1791302818691], [6.01681685865586, 46.2341975814113], [6.01313232414576, 46.2288429345884], [6.00190448177083, 46.2293756016988], [5.9708928369618, 46.2015360482942], [6.02146041017075, 46.2002471254498], [5.99195314419564, 46.2086903741036], [5.99474952554451, 46.2034178597303], [5.99841084132802, 46.2168702069676], [5.99796623221553, 46.2189788534988], [5.99405923252111, 46.214790338387], [7.78707033887612, 46.4037016834855], [7.77479035735633, 46.3987820973665], [7.86116182819564, 46.4349350883392], [7.86277965979111, 46.4488184962766], [8.13448948514907, 46.4001686566171], [7.57264099471965, 46.1724217040741], [7.44769834235366, 46.1555172356167], [7.40652665703064, 46.1696360252919], [7.40792330660761, 46.2186621944399], [7.95633205652219, 46.2486516385076], [7.58667471037856, 46.3098478888776], [7.76904074421449, 46.2722925716308], [7.59479508482441, 46.298763371078], [7.62239510749174, 46.3163803743371], [7.57157006543815, 46.3014647142376], [7.59686609457813, 46.3102389136342], [7.42083084228261, 46.1792644164147], [7.94957145312141, 46.2951186092132], [7.58815527720931, 46.2959387118767], [7.39673062764758, 46.1119715374462], [7.55761721983405, 46.2954351792671], [7.59587012695483, 46.3114816970292], [7.50973430281832, 46.0807425919954], [7.41804684382299, 46.1785442997198], [7.00282606410773, 46.2245733175812], [6.99579413727124, 46.2366002624332], [7.38923908799453, 47.3155329331181], [7.3616512235056, 47.3698528268603], [7.36015615273267, 47.3781985186204], [7.40582814884801, 47.3951476835754], [7.17747826528332, 47.4675841732379], [7.15694104452646, 47.4710706849762], [6.9479078964305, 47.2779189642886], [6.87471418927451, 47.192717674321], [6.95468879012345, 47.2442802674414], [7.00890647685763, 47.300469086927], [7.17260660620302, 47.3568721687842], [7.14478322053857, 47.3594850669589], [7.22115471144414, 47.3053457309135], [7.29401033804748, 47.3363019755451], [7.34474493852315, 47.3622221444171], [7.35087194643075, 47.363360245758], [7.35557499114519, 47.3694888465171], [7.35771881274469, 47.3700929858003], [7.50770448227862, 47.3378739567825], [7.37459298684443, 47.3639784501388], [7.51309428894072, 47.3601945945614], [7.46245952980915, 47.3513477217186], [7.27745067731508, 47.404600827181], [7.2450416678336, 47.4131945394139], [7.25058533477485, 47.4229983521073], [7.31986065791766, 47.4386680721662], [7.18689988644852, 47.3263681571647], [7.23707045460506, 47.4258087515499], [7.22578778983972, 47.4235489909611], [7.14444030479199, 47.4264736800472], [7.07906979191085, 47.4330705787744], [7.01243320510245, 47.501415615858], [7.14995616977026, 47.4529303917153], [7.15291414488826, 47.4576866208216], [7.15171245425533, 47.4616680314875], [7.15457515387879, 47.4719733035931], [7.1247009351532, 47.4993279267859], [7.33678832554393, 47.3558024458775], [6.84604287455557, 47.1555051314411], [6.79967815989124, 47.129027145081], [6.7140929473432, 47.0866016536203], [6.85580066986887, 47.1313041922425], [6.69514463120106, 47.0635873450047], [6.76072325491902, 47.0619241890849], [6.76789178242788, 47.0676423322229], [8.11498912962693, 47.301328818915], [6.73433271595389, 47.0516905622648], [7.81585128331833, 47.5179095899876], [8.13844189974301, 47.2535699684694], [7.85351791785832, 47.5522095866365], [6.01707372862996, 46.2342907813393], [7.98609855822403, 47.5506700516294], [8.01603005692311, 47.5055275455077], [7.96801027801418, 47.473818720282], [7.99051808031404, 47.4721935899561], [8.02124301349449, 47.5088472640072], [8.04105752208392, 47.4944361935771], [8.06535277331364, 47.4930300930338], [8.0681820752506, 47.4988699814644], [8.09368297627914, 47.4831685084995], [8.09096931009767, 47.5010014342666], [8.03931160317369, 47.5443356114438], [8.08924414314304, 47.5520438720188], [8.09949165404722, 47.5246348301817], [8.10808539692404, 47.5712738047984], [8.15374882236659, 47.5573842216452], [6.05625157945504, 46.1031515856853], [5.99025025929162, 46.1435748298004], [5.96777205128623, 46.14674807654], [5.96820379104218, 46.1379365598311], [6.04360675717654, 46.1728120431347], [6.04396662923548, 46.1663386859342], [5.95609496683705, 46.1310753327473], [5.99425230020024, 46.1464151833975], [6.04608275516962, 46.187417653312], [6.03164083884449, 46.1923670117257], [6.05064262764706, 46.1813108565144], [6.02884688426029, 46.1806810866603], [6.00022051981283, 46.1385290226458], [6.01107619383342, 46.176229321916], [6.05067988545907, 46.1823909472118], [6.00851948252722, 46.1428630560384], [6.01781343855516, 46.1766291596581], [6.03527056562946, 46.1344267512174], [6.04479663023883, 46.1845227683714], [6.03288805009179, 46.1565745868496], [5.98170211719583, 46.1583099846807], [8.31871018830267, 46.5029299230209], [7.40928253755481, 46.2214691737574], [7.01138584942547, 46.2089984392406], [7.03231215214385, 46.1881156554566], [6.97816641132728, 46.2576878511973], [7.57228471494318, 46.3017877154006], [7.93914111312396, 46.3040080514088], [7.06794341025292, 46.1215355643706], [7.35750996871356, 46.2193569098363], [6.96963092254191, 46.2639318289722], [6.9766934137535, 46.2585724261519], [6.96291789163391, 46.275157502558], [7.00221761400615, 46.2277194703135], [7.57249461832357, 46.3026960250186], [7.58318208597426, 46.304706903636], [7.03301613858465, 46.1526842841173], [7.02746292972893, 46.1733272279416], [7.239184075502, 47.3639139730644], [7.25730407391636, 47.3451816013066], [7.29325810142418, 47.3695981335664], [7.22082654919959, 47.3533844040822], [7.24894101025485, 47.3451052063748], [7.45680007068178, 47.3270279549801], [7.22366942867486, 47.2883507966317], [7.34108129700631, 47.3243348109779], [7.32544078607806, 47.3392152704688], [7.29389705476444, 47.3292861942974], [7.29415245907956, 47.3326774083391], [7.24964847669365, 47.3433794434779], [7.41068947818024, 47.3946992499226], [7.12111276942146, 47.326655680899], [7.16834065210393, 47.3654878672071], [7.2549503980136, 47.3023643353903], [8.0533496393126, 47.4464860587583], [6.84744303469292, 46.9546658528672], [8.95438908115449, 47.2217521956323], [8.85770156997469, 47.2426225282328], [8.83901220980038, 47.2407101065525], [8.85338739288273, 47.2373408858131], [8.97550831642424, 47.2122509939925], [9.01574001504473, 47.2020357535768], [8.89136780442316, 47.2278180835863], [8.91929565300388, 47.2324464324667], [8.15863574061981, 47.4512574837755], [8.12762594125929, 47.4086235908365], [8.12406391325941, 47.3758145530688], [8.06633770920402, 47.4032700585832], [8.05712853111713, 47.4190959736094], [8.05674333330356, 47.4098787224896], [8.02986285037141, 47.3886394413755], [7.98983647275024, 47.4153258461064], [6.22515242473962, 46.2672316756451], [6.24392594986386, 46.3037598561838], [6.24093245037429, 46.2834857852736], [6.24275860799344, 46.2305149750617], [6.27420925328948, 46.2268397345957], [6.24239828886625, 46.2728852574451], [6.24942595340693, 46.3015685953097], [6.18200685347943, 46.1801043938957], [6.25249486561057, 46.2917944656738], [6.24503810923101, 46.2560444601861], [6.23598275983574, 46.2256299217051], [6.28960745642934, 46.2674636931125], [6.24743313497822, 46.3006929672194], [7.40200661741027, 46.0943871937205], [8.28889473149151, 46.509130314544], [7.99673254829945, 46.3608264828668], [8.01923274645793, 46.3956354346737], [8.29217348764071, 46.5013870541028], [6.90933492441474, 46.2208549401841], [7.45100968241459, 46.2589029203125], [6.94408090172667, 46.2494568194162], [6.91819562743472, 46.2307824191661], [6.88186524352642, 46.2405497681039], [6.85736153578267, 46.1615782900191], [7.68238435527568, 46.3096463779918], [6.84775805920129, 46.2342325971253], [7.81944788544762, 46.2087595983136], [7.59028754974255, 46.3066496626475], [6.97800022570804, 46.2558700348143], [6.87790795252257, 46.1778745325674], [7.45362983135767, 46.2603688847424], [6.91180161020452, 46.2217570407715], [6.86747930125397, 46.1596958121855], [7.55014562122018, 46.2845221115107], [7.22703498143105, 45.9349576666219], [7.23310981618653, 45.9342852835056], [7.9335089250006, 46.1799992977999], [6.8146651759762, 46.1592814680809], [7.24461369141417, 45.9295112054655], [7.32618258986109, 47.3011425459296], [7.19901371022116, 47.371347912622], [7.49733188698402, 47.3024416421534], [8.13904368544342, 47.4557670025882], [8.01902460723877, 47.3943159255248], [8.11391384750696, 47.4400772171369], [8.03647261270871, 47.3473743673196], [8.14456756810151, 47.285257717672], [8.31111090331143, 47.3199184417019], [8.40065202530288, 47.3016933134534], [8.39500131024335, 47.3848814530983], [8.35583889736764, 47.438771918061], [8.30481157932864, 47.532528215932], [8.11617430277473, 47.5667388174246], [7.86443753401403, 47.5471694015388], [7.80105377811487, 47.5382021229202], [7.13489844871786, 46.8405756031603], [7.11438286029667, 46.8296348040904], [7.1271870180442, 46.8592653273624], [7.17047843793765, 46.8060231556456], [7.08331563878226, 46.8104720945577], [6.60601010036195, 46.9117589292753], [6.72539001600259, 46.9571377922559], [6.5578216370526, 46.8884140665466], [6.65153020623938, 46.931826377265], [6.55109244171068, 46.9113464983865], [6.61485740140991, 46.9083595413145], [6.61003403634829, 46.914711735402], [6.61389610039901, 46.9196872734102], [6.58387993985577, 46.9017005182211], [8.97501623179651, 46.3314895307072], [8.97988322058269, 46.319906822589], [8.98093887575525, 46.3113449818692], [9.0025635196238, 46.0596994558744], [8.97621640117159, 46.0479427821187], [8.97354281640648, 46.0466026671911], [8.97211856479763, 46.0460372438288], [8.97276307270485, 46.0432213676076], [9.30272449189079, 47.1185695876916], [9.40131536351335, 47.0573178098127], [9.31828015580006, 47.111118234098], [8.93557067845521, 47.246234328012], [8.92351372001823, 47.2335706547297], [7.89886826346364, 47.2647864972593], [7.92153823103396, 47.249690525578], [8.18900911013288, 47.507342407117], [8.218369482015, 47.5253259972896], [8.17395803833555, 47.5122688503774], [8.16298948340764, 47.4457347005481], [8.12830905576864, 47.4091951683629], [6.21243812439104, 46.1745909703409], [6.2498319914968, 46.2242019733015], [6.23206299109038, 46.2241037183846], [6.09620494615651, 46.2114611198513], [6.21280936922158, 46.211643170308], [6.19609833565193, 46.2011325295745], [6.21740214573745, 46.2709538893157], [6.24061851640965, 46.2388141936651], [6.18505161991883, 46.1885051378549], [6.09262100724849, 46.2122732029287], [6.17435758833625, 46.2111476776495], [7.23907129752881, 47.4259111568201], [7.10183795678007, 47.4609670220188], [7.09993595669037, 47.4806045510931], [7.08997695364166, 47.4880310561942], [7.08327769315898, 47.4898005058333], [7.17846315126196, 47.4641776406994], [6.94383344778218, 47.2883084278774], [7.05469297629027, 47.3485623450517], [7.12553513390017, 47.3598032701095], [7.06008145804692, 47.3034816225249], [7.05790558909455, 47.3063617221108], [8.21121941087078, 47.4755362007916], [8.21149398574365, 47.4515011621849], [8.17749868084804, 47.4680211377305], [7.24660500163078, 46.7330432847472], [7.19747299055103, 46.7605572534646], [7.19744123925983, 46.7500954281677], [7.1575322409451, 46.7186277537391], [7.0990611687893, 46.7527328125687], [7.12058424452946, 46.7294153829661], [7.19447697469954, 46.745762292348], [7.12252992141007, 46.7702245058958], [7.17852798904287, 46.7397090759061], [7.12187237873992, 46.7150080856735], [7.2374921611503, 46.7103678969919], [7.14193238251695, 46.7845074177607], [7.14559620192678, 46.7730026468641], [7.18947375383526, 46.7608639202011], [7.10997422738116, 46.725175405854], [6.97747787287452, 47.0722639906659], [6.94192944983079, 47.0609167906184], [6.93720327036984, 47.052530715093], [6.93770539079288, 47.052317021388], [6.93616846627659, 47.0520044696966], [6.9295931234479, 47.0403626705925], [6.90771662548519, 47.0158594018805], [6.90644747535213, 47.0138655613571], [8.92194411372418, 45.9954619773141], [8.93199737211117, 45.9996206439657], [7.75164139775175, 47.5213656224271], [7.57516294629183, 47.5365477415165], [7.55213015426969, 47.509770925539], [7.51270012536741, 47.5053508669476], [7.83550963222603, 47.5245264362548], [7.81120118801958, 47.4662359118662], [7.80812667578212, 47.4436704547928], [7.86139563498218, 47.5070764916679], [7.81586784835736, 47.3948066546256], [7.53141475892097, 47.4291131084296], [7.48766272548905, 47.4138498740102], [7.46646861550531, 47.425549314856], [7.55883840428922, 47.5119226922172], [7.55195910522746, 47.4917832621312], [7.82356699835476, 47.5072083625849], [8.97548968589503, 46.3142442317189], [8.925925647859, 45.9975687253539], [8.92486195853305, 45.9935791207642], [8.91704042447958, 46.1683956347639], [7.23784491757651, 46.7104584735029], [7.8495199788087, 47.2807405668795], [7.84178660060548, 47.2648113146887], [7.82953942965278, 47.2433561344141], [7.90767685971071, 47.2898372189606], [7.9052881692228, 47.2797099029182], [7.90319964314893, 47.3100842788645], [7.93039699940223, 47.2979727313937], [7.96325116433241, 47.2776079069988], [7.95441344594636, 47.2629863244673], [7.94958507724481, 47.2637813718918], [7.91754135858724, 47.3196229050775], [7.94111890992349, 47.316149691496], [7.85631775158618, 47.2339256430505], [7.89286942770791, 47.3114296180193], [7.90288821709855, 47.2940391060322], [7.88717772478109, 47.2636092845821], [7.85922545130612, 47.2560601343893], [7.8928181722848, 47.2447701952177], [8.05722860728051, 47.348947051957], [8.02989633544494, 47.3510510394566], [8.01838869264514, 47.3236577674172], [8.0220881161129, 47.3063063564032], [8.12318120028584, 47.253409742206], [8.05410377430102, 47.2811255697539], [6.09253237791628, 46.200126367334], [6.04077669389465, 46.2048962232894], [6.06612973554988, 46.2092465703131], [6.03990488776121, 46.2110933533883], [6.04663225239881, 46.2166195681769], [6.06399818016349, 46.2449295320949], [6.05626190021904, 46.1997784898415], [7.69676912457868, 46.1868871077547], [7.69214471571437, 46.3065394437776], [7.70606262337647, 46.2859973408258], [7.71133787688056, 46.2641253271125], [7.71249009572805, 46.2353364969325], [7.69916665129868, 46.2007348371776], [7.20273661717381, 47.4216604653942], [7.1929228081333, 47.4261011475057], [7.17086312521043, 47.427347344322], [7.12339659970121, 47.423782938166], [7.09804156336674, 47.4179637367048], [7.061160683073, 47.4351541494086], [7.03949429347818, 47.4749795382868], [7.01408401665143, 47.4874718922502], [7.20700240778025, 47.3914934486754], [7.18030571972539, 47.4151636939521], [7.14446080721215, 47.4251605793205], [7.17325762498242, 47.3962957989052], [7.15169368171456, 47.411003862741], [7.14384953498021, 47.3991027162024], [7.11376721947065, 47.4185576295775], [7.07726398851195, 47.4081239089377], [7.07957558626071, 47.4150566987077], [7.13825400994695, 47.3906696573648], [7.09138221022987, 47.4170355134421], [7.22007878910758, 47.2968348897273], [7.19856219698522, 46.9393157701994], [7.19961270705273, 46.9098134406027], [6.91218955172206, 46.5128722867298], [6.88730413107062, 46.5011407074482], [7.12955929569961, 46.8800511050811], [6.90758646014948, 46.5291782729053], [7.20968781411358, 46.9481538827852], [7.07955255687874, 46.5454858082007], [7.08776484216553, 46.5356611570238], [7.12395164521393, 46.7778656138905], [8.8692275623122, 46.1751923278855], [9.01056958214962, 46.1793689409148], [8.99418259175511, 46.1856509730852], [9.00377277949501, 46.1821895076859], [8.93666632465142, 46.1705392675276], [8.93617977839539, 46.1697989552699], [8.91318093085193, 46.1698136504411], [8.91249831791057, 46.1651620577176], [8.89186614344784, 46.1581867973945], [8.97873303153794, 46.1551010259836], [8.89959519201353, 46.1736340198882], [8.87068645798295, 46.17896159055], [8.85595458461956, 46.1812436843518], [8.8868277661757, 46.1722509399698], [8.92620380995867, 46.1739075244001], [8.87568855700665, 46.1667790620805], [8.89797576975341, 46.1576491545519], [7.71686024548145, 47.534945163804], [7.72259646450339, 47.514874880958], [7.74907023140129, 47.4789209576466], [7.79172120592185, 47.4688153181168], [7.90007392579467, 47.4671749360834], [7.73438692827827, 47.4626801391389], [7.758797653537, 47.4419376857598], [7.72589080402389, 47.4365736053694], [7.69189032187548, 47.4088609836371], [7.73318407593373, 47.4849884598481], [7.70556212178272, 47.4668425023248], [7.72813864359702, 47.533118771001], [7.75133590961603, 47.5258634000562], [7.75949467919223, 47.4145933789238], [7.74614136268429, 47.3737955605715], [7.12423970782887, 46.7778664069671], [8.08626442143289, 47.3783352068159], [8.06529104380303, 47.3694562763587], [8.04942775813189, 47.3646301893808], [8.03174529309469, 47.3256946670584], [8.02623767665895, 47.3084620224026], [8.01224365794575, 47.2897514439036], [8.01618779359237, 47.259617208542], [8.0511890734587, 47.3370163669937], [8.05585727450988, 47.303621139882], [8.07900299990949, 47.2930160842018], [8.11031472936998, 47.2766113177879], [8.04515869243907, 47.2930550647414], [8.06000092814099, 47.2494860416589], [6.13252664270839, 46.3262003474301], [6.13468206185659, 46.3608630535742], [6.12002372130011, 46.3116065145779], [6.13280441579958, 46.2497664251575], [6.15339068730982, 46.2786569747601], [6.16950023035436, 46.2750151445787], [6.11581592550538, 46.3084535176103], [6.12057261004532, 46.2862867306765], [6.14642117327728, 46.2470438249821], [6.12452506152924, 46.2639575254245], [6.16619855388531, 46.2941411976126], [6.12051450658539, 46.3074286845079], [6.1253747595884, 46.2889516348834], [6.20560264648781, 46.3451027700669], [6.1293642999403, 46.252605644478], [6.13098722350537, 46.2849230468787], [6.14102900066112, 46.2534687913339], [6.21073258082145, 46.3537953180098], [6.1387162240871, 46.3008914763799], [6.16052906435928, 46.2758138599198], [6.13152043006596, 46.3248392129513], [7.20568272572091, 45.9355361583946], [7.20545932768763, 45.966821552772], [7.20551244540715, 45.9725247353953], [6.95786042110585, 46.6009271833622], [7.14465556739239, 46.7005862063522], [7.05518778639667, 46.5193007437558], [7.07293969201822, 46.5883561639304], [7.01418403761195, 46.598308416294], [7.04820350842242, 46.4939000490672], [7.13464880458579, 46.6966918861397], [7.15186987573226, 46.6051792834357], [7.07698103533494, 46.6591648500505], [7.30366517275869, 46.5845276239454], [7.18833099382966, 46.6094122366852], [7.14618656373244, 46.7003652522092], [6.99578844001176, 46.6215192495314], [7.04197501616592, 46.5654124127236], [7.03558864116726, 46.4789770694054], [7.12646654708286, 46.6940430803701], [7.12373787249344, 46.6934058897565], [7.24556847093419, 46.6022372168465], [7.20285235378196, 46.6019858666223], [7.15503437212573, 46.6264618492548], [7.16412193789913, 46.5828013657095], [7.08073265935016, 46.5523622328435], [7.09295755335015, 46.6084610324876], [7.01846733055271, 46.6248436039142], [7.23778651367359, 46.5925894683173], [7.17912888418735, 46.6419827154476], [7.07033250323928, 46.6090827784671], [7.07478510845533, 46.6515475573364], [7.07145524492954, 46.664814431691], [7.06480098686501, 46.5142231953785], [7.08057468725753, 46.6728585347035], [7.08027188324499, 46.5451462403686], [7.11184604576531, 46.606159938617], [7.08199545292334, 46.596220119032], [7.09499089365091, 46.5842688649093], [6.83659985265652, 46.9328223684507], [6.83908626892887, 46.9324216135146], [6.83680783754224, 46.9330123664685], [6.81580837232837, 46.9206572352795], [6.77488933246561, 46.9075457733975], [6.78613212664641, 46.9091306352159], [6.78703554372951, 46.9006529465402], [6.77611612452231, 46.8921344220528], [6.76055705708827, 46.8782979990878], [6.78092796210657, 46.905340712641], [8.94719797837677, 45.8491065253927], [8.94179776572562, 45.8465428818127], [8.94067705093832, 45.8474575570616], [8.89761729639899, 46.1495744205966], [8.95391450959095, 46.173278257065], [8.95366921479231, 46.1528039321931], [8.92670146010337, 46.1499146066486], [8.91317183382888, 46.1546356504651], [8.91065974749477, 46.1603725876413], [8.9458593139815, 46.163920998642], [8.97084230249239, 46.1691630853822], [8.7719513961807, 46.6749087809675], [8.76766098607681, 46.6747789420145], [8.76168678493822, 46.6742096584419], [8.77738851461724, 46.6770043011445], [8.95696590773338, 46.7248863548248], [8.16784147882973, 47.4098520617702], [8.1769216103122, 47.3910136930209], [8.189356436248, 47.3720357782236], [8.17537843866591, 47.3569786653153], [8.16269501787927, 47.3460493183499], [8.1666257881348, 47.341221405904], [8.19165582737512, 47.3248342480676], [8.17848800956731, 47.3139546937374], [8.22237697287761, 47.2944788195578], [8.17164663644477, 47.3676431512427], [6.72440483843738, 47.0490475610774], [6.72291057978666, 47.044648494998], [6.72521929350312, 47.0491605690334], [8.14151433829701, 47.3224520135361], [8.32968042127811, 47.2936369665598], [8.33917010101749, 47.2918811950704], [8.34167077499035, 47.2810495167551], [8.34302824169771, 47.2542692695918], [8.33218182973406, 47.2700863974548], [6.76360621257191, 46.8966760981225], [8.9977733239339, 45.8356850841945], [8.99760419829423, 45.8347157686284], [9.03565951650138, 45.8411895009604], [9.04157852161276, 45.8419868578151], [9.01237525993723, 45.8480050777543], [8.95237305951149, 45.8495586999477], [8.98005367542853, 45.8839371923464], [8.97375691458134, 45.8959983051243], [8.96940043794987, 45.9337819561564], [8.90656136543197, 45.9513718475452], [8.91693692194719, 45.9563462254508], [8.87981195841552, 45.9813172750232], [8.96237258678247, 46.0176396699748], [8.97263564860878, 46.0437449356704], [8.902252001351, 45.9976360290477], [8.90857262584066, 45.9974547241954], [8.9158542648744, 46.0118265349935], [8.92697552287307, 46.0944978337031], [9.01332014166537, 45.851320703057], [9.01159348881754, 45.8553125580803], [8.63339820247518, 47.483579310193], [8.48511607361491, 47.3357247271545], [8.61987188714837, 47.5204174428926], [8.86142096440954, 47.2751514604439], [8.71137145058872, 47.3045131094023], [8.6306642866274, 47.4900748973382], [8.50089007697397, 47.2567006882424], [8.82432286508897, 47.4658984441374], [8.39642472698572, 47.3926052946966], [8.84507870630906, 47.2614171233315], [8.47779995351545, 47.2243567120482], [8.90378618615126, 47.3696367351694], [8.83113309531754, 47.2881245574631], [8.80550302479871, 47.4179964932522], [8.81100684181034, 47.4124799885645], [8.6281757843123, 47.2268152245105], [8.72738325489628, 47.4643469333787], [8.70031845831885, 47.2951261020003], [8.86758560228136, 47.3519186581414], [8.87824181116226, 47.3916557763849], [8.8975026139544, 47.2721096936319], [8.82913846558721, 47.5684948892547], [8.62456188439284, 47.3234560159767], [8.57281529377166, 47.3579874214017], [8.78633732020485, 47.2382526089417], [8.59006879694929, 47.3030168500707], [8.91413753792053, 47.2795537261552], [8.44107959322835, 47.349077440558], [8.71529802283272, 47.609228364408], [8.80271361447442, 47.5839294037552], [8.79635955455383, 47.2516469068405], [8.77396955093641, 47.6362541929697], [8.64098495416573, 47.2731988674925], [8.60977839188813, 47.325576968272], [8.7752158165902, 47.6487515621255], [8.43748256865802, 47.352769607341], [8.81822996092786, 47.5737433872921], [8.80223841605623, 47.583026494373], [8.55283795205137, 47.3541070223471], [8.60654882476897, 47.5939675331038], [8.43972030185558, 47.3492871239764], [8.6764125695752, 47.5997824107127], [8.82933141106444, 47.2676804781144], [8.58496405085304, 47.3171725076806], [8.61512919902789, 47.3282481683911], [8.43457803872501, 47.3545847105948], [8.77266854531386, 47.5887313273112], [8.8362290631976, 47.2393495062092], [8.85016354271904, 47.2603114290691], [8.64049927966719, 47.6205867117278], [8.63834218946776, 47.6205010896553], [8.72113673077704, 47.6103153201226], [8.77330164035208, 47.6425042387849], [8.57303087876572, 47.3581652096995], [8.1770074328572, 47.4144260984836], [8.21560108822853, 47.3994490013321], [8.21730954824929, 47.3785608350452], [8.24732913263723, 47.3767985495132], [8.25979691880857, 47.3660967685812], [8.24680241709672, 47.3568967770427], [8.25507695059041, 47.3353768708827], [8.27135493862037, 47.321174571789], [8.2468313817315, 47.3291024906148], [8.25845096123867, 47.3095375486654], [8.31170694562358, 47.319158355271], [8.30901707148814, 47.3156256485611], [8.33245476965909, 47.3085203300078], [8.30712914818689, 47.2963275605181], [8.30230172702682, 47.296237869982], [8.10997439462673, 47.2610971128062], [9.3384178151781, 47.4748477986149], [9.33669046893835, 47.4751550387286], [9.29229531071587, 47.4870933006602], [9.22181365534011, 47.4156444145805], [9.23448694786562, 47.4416550737783], [9.0791497187335, 47.3627720074007], [9.12133378677827, 47.4290436817927], [9.23358513881461, 47.4070414496715], [9.23449523742163, 47.4061276543335], [8.84303597985117, 45.9814672247132], [8.79767710248468, 45.9919653350709], [8.57113229929913, 47.1820969644787], [8.57843071804542, 47.175997789688], [8.45386390334542, 47.1132771943935], [6.69519644860631, 46.9458993383562], [6.29054854217971, 46.4313007985308], [6.29077571004365, 46.4390131649611], [6.27130985881612, 46.4268131740208], [7.44297370299072, 47.4591634766573], [7.65726399800648, 47.4072047483935], [7.9009518684464, 47.4369148973364], [7.90504017268895, 47.4390481152988], [7.6571511773077, 47.4087699560913], [7.58662201749169, 47.4212127541415], [7.58569557268909, 47.4216456556405], [7.96220237794655, 47.4443800103058], [7.96156388716939, 47.4455161769394], [7.5890048538028, 47.3968354008468], [7.5891535293289, 47.3978875325923], [7.60432584166292, 47.4038929142166], [7.60120362388436, 47.4052824555182], [7.63345580739977, 47.4287973805757], [7.62030874754279, 47.4329201052896], [7.53131781055971, 47.2286098909697], [7.53211885035921, 47.2260817430173], [7.53359572185252, 47.2249921803405], [7.53412252243401, 47.2242451872216], [6.97962350324152, 46.3171377090493], [6.53641822184315, 46.7226671968082], [7.02213177907244, 46.2525147650518], [6.40111182472335, 46.465741975239], [6.40542387119316, 46.4861041366584], [7.07264760921548, 46.2900935294231], [6.35980901600519, 46.7067490770292], [6.46960596863048, 46.729532260144], [7.04225288708311, 46.3440105221648], [6.3926600514056, 46.535359613103], [6.40461775208968, 46.5133378693552], [6.42585477314048, 46.5065568901195], [6.43635201849238, 46.4990480338633], [6.46703587814384, 46.4988197089949], [6.47793629988915, 46.4938744597835], [7.45883273894307, 47.1052638012771], [7.46354305350542, 47.1492118630986], [7.37493961633681, 47.1180476920922], [7.45202515760641, 47.4877007169301], [7.52977762800303, 47.4948248043212], [7.52371199276917, 47.1538064501193], [7.66042974462637, 47.3465500892212], [7.51274754475497, 47.1868249222288], [7.45150763971917, 47.4875119027096], [7.52319739191985, 47.1535819587059], [7.45897742601261, 47.104670110659], [7.51257582488601, 47.1866811165368], [7.52945906439097, 47.4947800849076], [7.46271235094843, 47.1490591277339], [7.37505827330184, 47.1179937883496], [7.66043030537138, 47.3466850040416], [7.66041785696267, 47.3468739101945], [7.45186591303349, 47.4876107957591], [7.46215852158755, 47.1488883404263], [7.37520329460752, 47.1179309041291], [7.52906094084824, 47.4947714024823], [7.45892480949877, 47.1048770032612], [7.52342170604078, 47.1536807367674], [7.51257563847732, 47.1865461953122], [7.37335871193339, 47.3449277500398], [7.37783836523815, 47.3272652176867], [7.36804553762724, 47.3500154312884], [7.95252466969558, 47.5214133768735], [7.92508644104648, 47.5380177906669], [8.13294730697353, 47.5516734766667], [8.15550642627402, 47.4581576498922], [8.10889114553207, 47.570882408993], [8.13325254988762, 47.559784314186], [8.14005796694704, 47.5609755382891], [7.91900569914444, 47.250105872002], [8.03929781292263, 47.5442907127284], [8.10730632768163, 47.5716740350846], [8.13369144143861, 47.5486380047056], [8.12803805426408, 47.540882854483], [8.40979271697568, 47.3353214818052], [8.41926902771441, 47.3448121504267], [8.11598566391751, 47.4758177564341], [8.32487529039851, 47.4104100650735], [8.32393868056695, 47.4106600988716], [8.25726142525539, 47.4424257233212], [9.35132786752051, 47.3832812846318], [9.37943443378726, 47.3486415296409], [9.43565463201542, 47.3075544155924], [9.40201853593427, 47.3748732583119], [9.35796839380173, 47.369045848399], [7.70395700322118, 47.4747789454484], [7.70495063571605, 47.4745248309953], [7.69880276134376, 47.459716598148], [7.69931004327496, 47.460399006996], [8.3658186854564, 47.3319770545491], [8.37902408167461, 47.3170193823041], [8.39371263998379, 47.3195972949802], [8.40131082416515, 47.3015618862562], [8.36712574718429, 47.2991165318914], [8.39439578424925, 47.2764868378282], [8.38273849248235, 47.2630360697666], [8.36673451537062, 47.2431336295478], [8.38445974295036, 47.2259074461829], [8.39146412405288, 47.1914154478342], [8.37904307766741, 47.1957184187682], [8.36269650298653, 47.1975149064068], [8.35684701461386, 47.214257032621], [8.40383374240501, 47.1719362145523], [8.3995361900507, 47.1662150737013], [8.39111140839703, 47.1656734204503], [8.37263492893766, 47.1680737235746], [8.3964596053046, 47.158657531109], [8.41178102661013, 47.1512336015584], [8.37455070692677, 47.3553475958032], [8.39010875646895, 47.3741818858792], [8.40143767178734, 47.3731345688457], [8.39556806187557, 47.3935838403356], [8.39627241984161, 47.3922377655015], [8.39011789507195, 47.4214499261], [8.33565721939976, 47.4558491334186], [8.31466382534848, 47.4646897460075], [8.33996702322825, 47.4668070828856], [8.32152078858847, 47.4806659689385], [8.26017035595619, 47.4960753038486], [8.24317725534866, 47.4816506163829], [8.2845943309656, 47.4270731293891], [8.26156830459183, 47.4208440647091], [8.28618680250131, 47.3955350218822], [8.30036647438319, 47.3967254268859], [8.30479746010121, 47.3783788992088], [8.33575834314503, 47.3689678926073], [8.34958985039719, 47.3617446763518], [8.35090710546046, 47.3536208430904], [9.33775180256026, 47.4000595706461], [9.25974358366505, 47.367847467897], [9.46531031104328, 47.3653044785762], [9.32647599617987, 47.399704519762], [9.29497933114921, 47.3285997834936], [9.45075611852934, 47.4308967586014], [9.25719843447745, 47.3964971023624], [9.55003174549388, 47.463406397664], [9.56276660600026, 47.4633532205168], [9.23178772446723, 47.3973440431563], [9.46192092633594, 47.4176560191049], [9.53345167359791, 47.4567798981229], [9.29601620956965, 47.3241745875607], [9.28665144640443, 47.2753812391347], [9.4580564312768, 47.4241115894364], [9.48716681420178, 47.4054249091421], [9.23268332729675, 47.3983647509673], [9.25984636920049, 47.3681427399351], [9.46591141500646, 47.3657887811107], [9.29527827824303, 47.3280641538008], [9.23269241071362, 47.3986345078336], [9.45010107388789, 47.4311060929624], [9.40205265521169, 47.3757993829642], [9.35112960680623, 47.383293564099], [9.48787056713407, 47.4051155206154], [9.23156259630589, 47.3973475363548], [9.3778384588097, 47.348074539427], [9.46171466369254, 47.4188562554688], [9.56288305617324, 47.463279103355], [9.2582720755523, 47.3957334768858], [9.33915044018801, 47.3998926262754], [9.28847407218348, 47.2745692620829], [9.29602685412227, 47.3244803131466], [7.66688353369974, 47.5838454683243], [7.67026197790601, 47.5843334248679], [7.62305040637211, 47.5778526925707], [7.64763522431324, 47.5938197214452], [7.61666943280288, 47.5774759324077], [7.62663938787604, 47.5779638496747], [7.64981366796805, 47.5899844868349], [7.60388930388172, 47.553688475075], [7.61919958610801, 47.5476128378846], [7.58403162828084, 47.550081597081], [7.56300501629707, 47.5453123799669], [7.6311294719152, 47.5773269284051], [7.64524035600184, 47.5865301640633], [7.64884618059542, 47.5873780847878], [7.6591019020919, 47.5857311987458], [7.65264384586313, 47.5764168461993], [7.66099789645145, 47.5718503195845], [7.65868460426481, 47.5812621361054], [7.6404768621835, 47.5853423918314], [7.62393334606614, 47.5756838078185], [7.6224178355716, 47.5409793570182], [7.65276255454877, 47.5926861691964], [7.64667745761625, 47.5936865379504], [7.57805232071676, 47.5444588402746], [7.90590638440963, 46.6055082642153], [7.85390609909833, 47.2039636675279], [7.60918562915331, 47.1423869807055], [7.6816501283154, 47.1330909209895], [7.83687276379126, 47.2366479341112], [7.82571894171587, 47.2520129547457], [7.69831600303387, 47.2048962914692], [7.69950741872157, 47.2164518498381], [7.82818389049774, 47.1225865982941], [7.78541890987705, 47.2037944726377], [7.81933374154969, 47.1011271394619], [7.71454771813499, 47.217226336063], [7.54632905114787, 47.1030473530212], [7.75978930194231, 46.9468082054871], [7.72368571788911, 47.0121189829934], [7.74877918003279, 46.8598086049107], [7.83212498371827, 47.0491283793504], [7.85290973724841, 46.9287436317789], [7.808186361615, 46.8695271282249], [7.61977314451013, 47.0648882833542], [7.93708943869424, 46.8024712770876], [7.74872452105249, 46.9641545583714], [7.61258214150674, 47.0354046179256], [7.64927783261722, 46.9855191039331], [7.13560034781303, 47.1118912418141], [7.13969454721849, 47.105416576888], [7.14963398019011, 47.0944860881256], [8.29829812139196, 46.648472424843], [7.83485671526668, 46.6706363446589], [7.89312431949133, 46.6376746725863], [8.20252293022624, 46.7208522640976], [7.35145070667765, 47.0497694368551], [7.98060012674542, 46.6349532945823], [8.35189773144041, 46.7358575910669], [7.90250944753697, 46.5594639825995], [7.89627326834285, 46.690295804467], [7.4659582249784, 46.4303297066921], [7.66538766368073, 46.4892079857081], [7.57632786106111, 46.4992459817704], [8.07620553590112, 46.630185403857], [7.57331113852103, 46.6482166394686], [7.38384453899944, 46.5795569254419], [7.32874504047732, 46.4094099383091], [7.68435657880048, 46.6513596948608], [7.71579088692787, 46.5910169814948], [7.63753439795043, 46.5794323252371], [7.27472507148135, 46.3826277084252], [7.60066715469067, 46.6667118717085], [7.22765730056279, 46.4863147742162], [7.12934524768072, 47.2254616882561], [7.40085085535668, 47.2787678523514], [7.20888905118221, 47.2272218264402], [7.34352760266202, 47.2505728130491], [7.22912985820475, 47.2847360404654], [7.18525983473628, 47.2677831684442], [7.22665720596176, 47.2416473643871], [7.31092305192262, 47.0417708954634], [7.32710241836137, 47.0569893724566], [7.03621978300641, 47.0202409014666], [7.02985243436219, 47.1620257340496], [7.18382222198976, 47.1896250303306], [6.91815221235754, 47.1169862542594], [7.09303476317763, 46.9763225316605], [7.23745836751639, 47.1335314970728], [7.27447867542173, 47.0447379204213], [7.34834698066338, 47.134544500387], [7.56857157409013, 46.7849267081932], [7.44113517883871, 46.9963717329296], [7.38230048588366, 46.9599545194041], [7.49969563762752, 46.9181513094114], [7.49090400307849, 46.9224104108331], [7.53628760342218, 46.8842947082337], [7.54443367455484, 46.8836308123777], [7.57537744811054, 46.7679263757012], [7.51454145457964, 46.7493354306052], [7.51612658582413, 46.7868993301236], [7.50255114821378, 46.8464931687406], [7.4849158843613, 46.9209377659598], [7.64195602078587, 46.8882126953565], [7.61971071402732, 46.8514500994605], [7.57295129753184, 46.8187893774175], [7.31154038457794, 47.0922335933154], [7.58009526362534, 46.9195104863362], [7.68807380813427, 46.8029351287176], [7.57390580459428, 46.8075260097377], [7.50466276606915, 46.9647797632945], [7.82798401344383, 46.783203806569], [7.60636917164389, 46.773489240554], [7.35294539274416, 46.8225782364143], [7.35519996528177, 46.7122238242478], [7.35472331776927, 46.8842426342728], [7.41101041860199, 46.7754441031504], [7.40392673361888, 46.7961316354283], [7.36748906014055, 46.86422770851], [9.00952785339143, 47.2062590856082], [8.84739352031806, 47.2204116614319], [9.00834119668976, 47.1725831380513], [8.98216908425706, 47.2234524395765], [8.85994212647044, 47.2245486671876], [9.32307061187053, 47.1161683696005], [9.34097583400685, 47.1007574436759], [9.33228290911383, 47.1045900509595], [9.30295932373589, 47.1253138692539], [9.19930914785815, 47.2204276557698], [9.08542464057697, 47.3172959619845], [9.08537537462158, 47.3928659159362], [9.19472111154074, 47.4706940885177], [9.13005346083545, 47.3479582355405], [9.06389577749857, 47.4357216785656], [9.27679066603313, 47.4190386910261], [9.15433246522824, 47.4443112632403], [9.2016115356517, 47.41436190241], [9.21002391919506, 47.4122540690947], [9.23235265260757, 47.408221141198], [9.24071626585232, 47.4106100868824], [9.21786675113619, 47.4089848318547], [9.25901436696869, 47.3720874348675], [9.26029978032989, 47.3941990825352], [9.39794715014359, 47.4424650854086], [9.3990820880449, 47.4372726107668], [9.58730921378007, 47.3778729356408], [9.56676335445346, 47.3685718878326], [9.56097835376286, 47.3653132412154], [9.40283345367554, 47.4580818269408], [9.47146926235626, 47.4872161578259], [9.5450845063221, 47.4858998067663], [9.42730911113219, 47.5024682415296], [9.4353607261423, 47.5065132036755], [9.4770876093181, 47.483158650151], [9.44076183946359, 47.4613003261878], [9.43017963865443, 47.5046681119373], [9.40259292860013, 47.4156202599104], [9.40790770720343, 47.4697365086654], [9.3810989800713, 47.4186825462622], [9.5817043691784, 47.3472048893727], [9.54293022808558, 47.2939320616857], [9.64281343547854, 47.4387317278815], [9.50981574247813, 47.2585407659804], [9.56455914123477, 47.3056823818841], [9.32571740228605, 47.40073355382], [9.3683999193414, 47.4596509882917], [9.31960207781705, 47.4977545468537], [9.39622288328646, 47.3469005120982], [9.34934525630342, 47.3834040639837], [9.32801996259212, 47.4144700784585], [9.35038017723324, 47.3827121693916], [9.33839308370694, 47.4180427418261], [9.42315493749304, 47.3235874951693], [9.32550187333843, 47.4002602404606], [9.2363743288528, 47.4979432008034], [9.12348057590212, 47.4583489777262], [9.07746960205729, 47.4136515472927], [8.97067426502558, 47.2167956241308], [8.34586414725882, 46.9691883283117], [8.34367547907349, 46.9703211022259], [8.14818775779001, 46.8463344342348], [8.19397149265555, 46.8388446580758], [8.33335941528621, 46.9592833042301], [8.35306472798278, 46.966819206025], [8.36844752469203, 47.0432042988579], [8.73679458321474, 47.1654953566801], [8.1862040348315, 46.8459123865339], [8.16744117095262, 46.7867513288466], [8.67310961828985, 46.7691816362696], [8.85994499658233, 47.0428853072504], [8.90305898938561, 47.1411792589007], [8.33982469603746, 47.0509888708298], [8.6813357080175, 47.1771636581432], [8.58328846686293, 46.7136196422574], [8.14445103176002, 46.7813182697344], [8.33869132188579, 46.9716827150621], [8.40075077907601, 47.0826271139677], [8.73489390181745, 47.1665333365111], [8.82138770140883, 47.084883668149], [8.56696353386659, 46.6647516580936], [8.71331477939991, 46.7673185104933], [8.34517133149223, 46.9740785120785], [8.43385060801956, 47.0573730431491], [8.86131956854873, 47.0450904228763], [8.57621559287425, 46.7162543662867], [8.95992480644653, 47.207464906601], [8.72275068683123, 47.1546687940913], [8.16517123699756, 46.8321045081407], [8.70696206146183, 46.7666515174317], [8.57511251313883, 46.6669827970461], [8.95818553807364, 47.2159444871151], [8.43504504174125, 47.035934767021], [8.25125369069534, 47.0817127390742], [8.19751509740166, 47.2121786945965], [8.3947135798829, 46.8187208895931], [8.30586480573293, 46.9897202148011], [8.41654076909199, 46.9757859689264], [8.52475239017205, 46.9570897827122], [8.35008353844632, 47.1125366325467], [8.62296802972071, 47.0316847368799], [8.62347434050046, 47.0307799015399], [8.33234784860046, 47.1433414235628], [8.37044271551384, 46.8398819781853], [8.52575385212112, 47.0682704231481], [8.45553232941869, 46.9651464533975], [8.5809427350647, 47.0353492489217], [8.60320372207927, 47.0425023161314], [8.26239081565469, 47.2194598577287], [8.61495825231881, 47.038424203482], [8.45425744134817, 47.1131837616475], [8.61583804865262, 46.6288109686531], [8.62886333556781, 46.8704111818229], [8.64081668437468, 46.8182869771468], [8.6606592526639, 46.8033223459356], [8.4114882999802, 46.8913122735091], [8.40831391089219, 47.0646441398657], [8.54287563591357, 46.9119360111238], [8.37592416079159, 46.8791316047069], [8.2603431677707, 46.9100836346726], [8.6306343317652, 46.6483596172775], [8.5733278983783, 46.9117282897131], [8.59408403106297, 46.9184928285123], [8.64422229638022, 46.8533371721345], [8.01551053892421, 47.2054443683738], [8.62796471958099, 46.6457785048728], [8.49501318108831, 46.5872626970202], [7.99488348226611, 47.1765190681543], [7.96483300534085, 47.0946973203629], [7.89508395639844, 47.237871244016], [8.27798586000366, 46.930286115103], [8.62788686617817, 47.019129274618], [8.64630659659461, 47.013449233727], [8.62240086089003, 46.8747964633624], [8.28159282110495, 46.9509498292837], [8.43682228839427, 47.082661226975], [8.43842920150677, 47.0840865676071], [8.66236590977213, 46.8092417689288], [8.39803161217723, 46.9262850998466], [8.25432897687791, 46.9030199823722], [8.62859821840262, 47.01858213227], [8.60243651063858, 46.9950107768353], [8.61948420352968, 46.8973173922316], [8.24843552739956, 46.9038714299013], [8.26245906828904, 46.91110294578], [8.23932411571358, 47.043889544916], [8.38320196052361, 47.1113607354046], [8.11046273185804, 47.1612134777659], [8.30932415690847, 47.0165910643438], [8.29694727953154, 47.0626517800219], [8.31136840105527, 47.0128873170823], [8.60892863374807, 47.0033111185039], [8.38664415644999, 46.9633529258595], [8.77502040171156, 47.2066735636369], [8.59413358764903, 46.6825624353387], [8.66663397438382, 46.7665524853215], [8.86464526429689, 47.19393044466], [8.85279491649147, 47.2024700789748], [8.3768080888548, 46.8214780760536], [8.17789648806516, 46.851993527045], [8.84645283540591, 47.1922111746267], [8.58948080520156, 46.6421252500428], [8.85867115871811, 47.1980795771359], [8.65354764305193, 46.871411256065], [8.39453575149245, 46.9268540787482], [8.72383590919168, 47.2015167814921], [8.52699280441028, 46.607203398046], [8.22961921959062, 46.8649613678727], [8.82036750801817, 47.1944883788466], [8.7199690028626, 46.8732057785216], [8.41407462855574, 46.9811145296646], [8.76668611456199, 46.8631367062311], [8.25675120829287, 46.8896889596789], [8.18441794052372, 46.8684133989627], [8.77350027409484, 46.862877470144], [8.22271171937277, 46.8769732770545], [8.81483066242846, 47.1988368548394], [8.63371114991497, 46.864243123644], [8.29126077568647, 46.8399599268638], [8.39892782999011, 46.930145832551], [8.76595341955738, 47.2056899134478], [8.36562752952187, 47.1160915196569], [8.36090921778399, 47.1099225469686], [8.39685419877981, 47.1269180373244], [8.35286064545376, 47.116985355295], [8.3491873177137, 47.1132993582259], [8.0155327466095, 46.8758571919403], [7.97263659960958, 46.8044516836254], [7.88384375584648, 46.90628303857], [8.03947568708592, 47.0205970057403], [8.00334599462286, 46.9383557289192], [8.06254836881797, 47.0082761573875], [8.85975567877481, 47.2011429003382], [8.63643044490227, 46.8361459369858], [8.5270109085911, 46.6081028680358], [8.60809091697399, 46.887601395494], [8.34374175403003, 46.9750343610776], [8.81037365233033, 47.0621199375178], [8.8135282327929, 47.4439433674529], [8.70863348417168, 47.469618508459], [8.56688790462657, 47.4169639381031], [8.78343586737811, 47.5035673269264], [8.60362750899816, 47.4025941074358], [8.83569023605601, 47.5062950420874], [8.72011176319937, 47.4157540718305], [8.85616533880349, 47.4003576618592], [8.65278390481823, 47.519033801149], [8.82172471243295, 47.3684624820822], [8.70341606879533, 47.4420962679574], [8.59626041305031, 47.4062212183149], [8.74035402869273, 47.3910333267965], [8.55392613122786, 47.5517879566281], [8.78426465577882, 47.456566191555], [8.77274983882702, 47.4543427424283], [8.57893845375022, 47.5298673064054], [8.93514637359115, 47.3504331048718], [8.70362669658537, 47.533583442387], [8.67195303971627, 47.5176979572766], [8.58025990172597, 47.5301781076179], [8.63713307473944, 47.5197994209232], [8.80895878887126, 47.3714932485916], [8.70449751445254, 47.4725332810565], [8.69826037325103, 47.5330032522173], [8.73352067581014, 47.3949241740484], [8.73652937531724, 47.492372786686], [8.91365906069144, 47.361783593666], [8.68815389817368, 47.5093029038913], [8.85695949054963, 47.4993979327707], [8.52109960631855, 47.4788640359435], [8.62926113838724, 47.4089804068442], [8.5590558291723, 47.4175977897758], [8.66505837267952, 47.1721206441844], [8.51854711606249, 47.5237357875441], [8.55939874765495, 47.4364211267757], [8.55823438424763, 47.4163464341719], [8.64833762808813, 47.3807709860768], [8.54498837758998, 47.478557251735], [8.52773985312938, 47.5174343933895], [8.4756409550347, 47.546092521722], [8.52680856357678, 47.4751586033846], [8.59089596394718, 47.4498111425933], [8.55912186610546, 47.4188474666941], [8.62851564032835, 47.4064514261512], [8.49633687988874, 47.5019666140036], [8.47502382518807, 47.5512339277793], [8.40949072295059, 47.4074548083165], [8.50450062595359, 47.5092854439331], [8.47581619549405, 47.5734612564334], [8.49321163367377, 47.399210592369], [8.38158876729218, 47.5071580976778], [8.46581965253761, 47.4448096623016], [8.45033113601568, 47.4523848577661], [8.49179867779939, 47.436318762849], [8.44920073242196, 47.4522148393899], [8.79591231475157, 47.3422313636836], [8.78998982973666, 47.3289061849572], [8.80066036383819, 47.3141176180957], [8.71128822016322, 47.3309791722385], [8.74898692358442, 47.3052074905882], [8.69560537516305, 47.3476758260063], [8.77359095336438, 47.33185869744], [8.70633495405, 47.3235403445787], [8.72005738803109, 47.2961319311982], [8.71732428306336, 47.2929867771211], [8.7205332677835, 47.3109965104104], [8.72180429202097, 47.3093991450199], [8.71864323437934, 47.3093982727875], [8.74597358107368, 47.3015084457052], [8.67312432855606, 47.3439333581011], [8.74508448704052, 47.3019233257697], [8.82400896160327, 47.3060402363928], [8.38676046023644, 47.449505205825], [8.41589038964886, 47.4493707793977], [8.70324940298392, 47.201708734699], [8.52065514769635, 47.3362696556293], [8.41155882236566, 47.3980827262039], [8.4363025503167, 47.4524616881036], [8.61702451040872, 47.2541056915158], [8.52077990143183, 47.3241518629358], [8.52612529877557, 47.3676925211605], [8.57776819369448, 47.2180052044416], [8.42369912361807, 47.4507257384989], [8.41612766095151, 47.4500163986176], [8.39024750179832, 47.4509697053249], [8.6003796369781, 47.4049385597958], [8.44128787652771, 47.3059348906057], [8.49366292734928, 47.2533577980535], [8.41696101378941, 47.2333810427109], [8.48748637590139, 47.3250438899442], [8.52168154585216, 47.2395057712667], [8.48848816809233, 47.2831617402373], [8.5243293231698, 47.2391570176303], [8.5176772972997, 47.2393994078753], [8.4395157040152, 47.2897049001105], [8.54331641949469, 47.208814428634], [8.54314744436982, 47.2089419877338], [8.54417596441108, 47.2069710772063], [8.50076720524822, 47.114922432089], [8.51402347196345, 47.1424790513436], [8.52290857459727, 47.0903371286893], [7.3169932360622, 46.8251722941649], [7.29453659940799, 46.749449643774], [7.29634690161823, 46.6882825197065], [7.30362225969467, 46.7585911449279], [7.27595608978771, 46.8439216239693], [7.30123228664504, 46.7616287598135], [7.33710909748883, 46.8465019510716], [7.3471595861468, 46.7029972735546], [7.25157913036814, 46.8191020548494], [7.29633595343083, 46.7618926281432], [7.25202674869098, 46.8185000940292], [7.27174058618462, 46.8589378051633], [7.26128393335949, 46.8525263752595], [7.23418876042796, 46.9058145068337], [7.32961151352219, 46.7161782548493], [7.30814874907657, 46.7162906640249], [7.31351482470435, 46.7541856400506], [7.29208008262239, 46.6757823239042], [7.35311810655029, 46.8871379333914], [7.2692983669142, 46.864088552038], [7.36310825489313, 46.8645397374604], [7.27261924946061, 46.8589210926971], [7.25535757974331, 46.8254769184621], [7.30835575353471, 46.7172264324408], [7.29516218904781, 46.7307398326358], [7.30860381303702, 46.8911439138445], [7.33654553192693, 46.8464025006063], [6.83669816504223, 46.8208370086218], [7.05532848425211, 46.8567173496118], [6.8207850307188, 46.7811981143893], [7.01932471928935, 46.8863659869621], [6.79323882310104, 46.7577378633068], [6.8535245823127, 46.8184235699076], [7.08396049939849, 46.887663930791], [6.99591821811525, 46.8065868120309], [6.99672615363785, 46.898172941633], [6.85506669568798, 46.8139696172584], [6.88110531406554, 46.8263425903239], [6.97565354522679, 46.8230493333787], [7.06432159333423, 46.8476527313423], [6.94929740213313, 46.7482311742876], [6.99063893148001, 46.7844731607017], [7.06034491824956, 46.8948835962782], [7.04903907905546, 46.8451639356537], [6.99982084338539, 46.8743379417616], [6.99690650583577, 46.7643384826946], [6.99103529947795, 46.7840519224638], [6.93136177919348, 46.8560819600385], [6.87504113831584, 46.8159499183463], [7.05908765368166, 46.8629097460536], [7.08312879995109, 46.8884349542517], [7.00917548131067, 46.8708202229041], [7.02975904128574, 46.8755372565693], [6.82580949714991, 46.7919210539457], [6.84257145690022, 46.8087776301934], [6.80581663030206, 46.7991076008682], [6.99547227878835, 46.8066480528002], [6.94501716610333, 46.6653716022744], [7.12694919848633, 46.7848273482964], [7.100176894849, 46.7835008069494], [6.99426550810438, 46.7242168338256], [7.09641747789582, 46.7795405805531], [6.99761209124619, 46.6972698995993], [6.94811805389849, 46.664926205239], [6.95655830281313, 46.6840600599344], [7.03149850311209, 46.7323078339867], [7.03964015166292, 46.7494551726734], [7.04173030566786, 46.7268475635019], [7.00772618281774, 46.7323734951591], [7.07168942777757, 46.7746242427802], [7.02733194728472, 46.7296841738494], [6.97633040230897, 46.7090599013762], [7.05027638150419, 46.7354137708473], [6.90762061118878, 46.666615880827], [6.96546700070309, 46.6399824859249], [6.89469695513303, 46.6575502114458], [6.91566289261921, 46.6794989469375], [6.93631157050481, 46.7036462539682], [6.87198310436345, 46.6233185672523], [6.93404440511423, 46.7027816591502], [6.93942936212756, 46.6379822913335], [6.94117850889248, 46.6167959898024], [6.89340228944568, 46.6434296850332], [7.26190561634673, 46.7669899471456], [7.23249507642718, 46.7895192557159], [7.17103688355962, 46.8043693016393], [7.20371345601378, 46.7823572986043], [7.21252819404405, 46.8037842486597], [6.52681649629378, 46.7280874914228], [7.03007438811669, 46.2637613748109], [7.1591549065964, 46.3471387506757], [7.11150334541535, 46.3542077899117], [7.14632468761812, 46.353628255262], [6.34611673695775, 46.7002763293395], [6.99720265887996, 46.3187368546756], [6.5272009080353, 46.5775401400679], [6.57007294397266, 46.8204087921471], [6.44902995890849, 46.6037861768299], [6.53083827752469, 46.5784688291639], [6.52269930076579, 46.6084058993261], [6.41065989455123, 46.6962161811444], [6.52883526167006, 46.5618098859247], [6.49298290272546, 46.5684446563129], [6.6243119302601, 46.8214376885196], [6.49159270716257, 46.6553365513972], [6.42640616303713, 46.6269777075503], [6.45513335531372, 46.6413984556278], [6.54829443211602, 46.5443763078538], [6.45548948763401, 46.7295194861279], [6.52851655914371, 46.6272995045719], [6.53406235966455, 46.6470452345665], [6.50756241682474, 46.6535789322215], [6.40724434451942, 46.6183492702914], [6.45282319854165, 46.6964354513156], [6.52048881222313, 46.6655587142259], [6.49375518337691, 46.6512162524442], [6.5459571152851, 46.5240266198906], [6.47938755617548, 46.6878456918715], [6.54353068447647, 46.8049109096556], [6.54588437494823, 46.8083477903913], [6.50207223331471, 46.6688274410712], [6.52653661884683, 46.589859592427], [6.39528097887672, 46.6902559318583], [6.59855781957289, 46.825794281635], [6.36393256850077, 46.5147597856922], [6.47591686490808, 46.6185456043666], [6.54253010379861, 46.7626668101433], [6.67961357124712, 46.8262261316221], [6.40889154169598, 46.6004164792725], [7.01931166931196, 46.8863569437385], [6.67350512588338, 46.5227524321382], [6.92913799779087, 46.8070103172738], [6.78040099505893, 46.6009212250159], [6.73811372126994, 46.7924156350164], [6.76869846665253, 46.4867397036482], [6.57255732185614, 46.5680885423792], [6.63978590459813, 46.6131107525557], [6.68035745284149, 46.6337459962787], [6.93227407813878, 46.8566797057667], [6.72358263899724, 46.7770327821065], [6.68096496218121, 46.6351264210802], [6.58267857756892, 46.5227796514278], [6.87324758896101, 46.7646029029633], [6.83891391352772, 46.7030319024319], [6.6948451909058, 46.7102798851912], [6.79411906104048, 46.7585614479092], [6.63556983652177, 46.5761523438989], [6.5744475847238, 46.6947679277092], [6.58608926343489, 46.6447475076222], [6.81265171133194, 46.571551678798], [6.78384476863445, 46.6668357729489], [6.89336488661991, 46.7623618432744], [6.79330197354487, 46.6518216710068], [6.60404932873157, 46.6405623531271], [6.66875877954091, 46.5907753051423], [6.75974271652691, 46.5414718353146], [7.04559210675594, 46.895310659974], [6.69639493870555, 46.6689087827102], [6.74114881532811, 46.5730700414247], [6.84568377668277, 46.5450109103461], [6.70597356331936, 46.7238457054201], [6.81511495419226, 46.5728696019113], [6.6878124003594, 46.5060252583301], [6.58579968551273, 46.6672355060223], [6.78915357083577, 46.646985328502], [6.70200249030045, 46.6218514150198], [6.6445654935465, 46.6387828205489], [6.74067834351451, 46.5387476209726], [6.66928384114504, 46.6777250102627], [6.83093426032101, 46.5581120074984], [6.78842883306876, 46.6496799506562], [6.97235424310949, 46.8241963506589], [6.99664837678931, 46.8980557009566], [6.6423387751723, 46.5417000438964], [6.83580614559652, 46.7120112833724], [6.63952596105012, 46.7411217799195], [6.96894203748723, 46.411414662829], [6.9737965292356, 46.262167857687], [6.91904270947443, 46.4341364824678], [6.90753011464419, 46.4604859523343], [6.93502234747067, 46.4437440520792], [6.89556490240351, 46.4463958681348], [7.09497836310291, 46.2554761636989], [7.05068288446106, 46.4659678183459], [6.9336559357367, 46.3249033972963], [7.21072520399964, 46.4866868795581], [6.95141790018085, 46.4511471627161], [7.06272238012481, 46.2654037985238], [7.12879279815615, 46.4663426747027], [6.55843401973142, 46.705026937609], [7.03302063549917, 46.2861263261609], [7.10702857985443, 46.4594444917006], [6.99650403929238, 46.24496906188], [6.83531638618831, 46.4609619187488], [6.92968867090845, 46.3644761791733], [6.92875606017274, 46.4015437225248], [6.94448004810786, 46.4055084810579], [6.77222805524986, 46.5259287477393], [7.06247834559133, 46.2669322559012], [7.09223583319578, 46.2788745609977], [7.03990712740169, 46.2848464101139], [7.18078409521151, 46.4839241839477], [6.29103234118284, 46.4311887358319], [6.17072599131809, 46.4039167566111], [6.20251743658969, 46.4024862874335], [6.40628742934747, 46.4735890102369], [6.22406860650587, 46.4163400816922], [6.48763113567815, 46.5129831161486], [6.37396080541274, 46.4785985122241], [6.24050943996217, 46.3863580565472], [6.45840611393107, 46.5329765452523], [6.30619163157169, 46.45608152414], [6.37896205363362, 46.4659153206812], [6.1988948268665, 46.3777507060444], [6.23177841648531, 46.3755774198388], [6.2526298958351, 46.4260706999893], [6.23740347987553, 46.4468278104348], [6.17537203206318, 46.371931053998], [6.23349727661128, 46.4164406179567], [6.47610706977858, 46.5271902062332], [6.23877369179898, 46.4431356730997], [6.32181227235347, 46.4472487042535], [6.33073302171503, 46.4495402532156], [6.16038147240447, 46.3781867455014], [6.25661919616256, 46.4131571621722], [6.22497549430139, 46.4234841634176], [6.39002964530086, 46.4995296908695], [6.45236002501205, 46.5664804774804], [6.17209740191268, 46.3089170625084], [6.29562080921872, 46.4264668550934], [6.22106354590238, 46.4012743889008], [6.26925943058377, 46.4060458676775], [6.19624134684357, 46.4283913230643], [6.45089308430467, 46.5518037816198], [6.19131832289499, 46.3182441037254], [6.92635472602147, 46.4796435341439], [6.88797831879767, 46.5014588298402], [7.04496044018664, 46.3485987855533], [6.91060179153837, 46.5126760110856], [7.09653648682185, 46.4202820511618], [7.10480505484059, 46.4082974093186], [7.09984263037291, 46.3073959162558], [7.07407912144953, 46.2914205153236], [7.15115561159449, 46.4227724215423], [6.4335225014527, 46.5202544148339], [6.43254189390329, 46.5113033757613], [6.43553469325576, 46.5009750363475], [6.3435843176853, 46.5189288799968], [6.35720516930524, 46.5188343550348], [6.93585771783235, 46.7902902836169], [6.53553823402788, 46.8143298097476], [6.54157109426372, 46.5134215749344], [6.52058849208135, 46.816549688588], [6.52661178232082, 46.8168227999244], [6.53386538469738, 46.8148473450424], [6.93409304363118, 46.7899226817157], [6.59127167228106, 46.7507593504695], [6.58793312460439, 46.7491692240605], [6.24357490268483, 46.4366907297412], [6.4606404418812, 46.4994845561305], [6.57702555692675, 46.5250309699264], [6.79095474608736, 46.5697210478996], [6.56680621186977, 46.5242873554348], [6.77649022457588, 46.5237766335106], [6.42640565773337, 46.627004691967], [6.71862277130298, 46.5444575181887], [6.5911478987145, 46.7844573101809], [6.59628739490569, 46.7857637449351], [6.73886293961355, 46.6408942649873], [6.74192346606089, 46.6395546376546], [6.68873642074674, 46.6971958311618], [6.68583343944118, 46.6934703911574], [7.5043023710294, 46.0784970177703], [7.41687847924787, 46.1857405194927], [7.41895268898555, 46.1803435704623], [7.39689770843565, 46.231792201553], [7.4942519790668, 46.1099866058113], [7.7554599781666, 46.3906246570564], [7.57424652978525, 46.2400845094306], [7.54191448957738, 46.2819481800524], [7.80001109010892, 46.1890779380899], [7.54462792528177, 46.2761884841755], [7.6135450950898, 46.1642877724809], [7.62946940714101, 46.1272902905653], [7.80453502899596, 46.1876690566034], [7.57654620829131, 46.2266782977537], [7.05903791023233, 46.0906510813411], [7.56915037003978, 46.1692953377848], [7.62281736928246, 46.1497002364523], [7.5909467223535, 46.1851002442422], [7.56842792265056, 46.2465681633648], [7.58570043807045, 46.2087655501267], [7.75327608855059, 46.3839289438583], [7.31814578257763, 46.2043891600703], [8.21445414985084, 46.4498120113268], [8.2446816929199, 46.4694828190387], [8.28159966313101, 46.4908055583792], [8.23425304374823, 46.4597506182274], [8.36267041571135, 46.5626847827712], [8.0388208303684, 46.3503921539131], [8.09227493786797, 46.3780648428747], [8.30970312611204, 46.5050774237056], [8.12927189744871, 46.3937774182945], [8.35020918968621, 46.5352569283685], [8.00217595524589, 46.3244023606611], [8.06001962357575, 46.3637717678391], [7.77829277589254, 46.0918578777712], [7.7883292003423, 46.1246610817063], [7.73732838975732, 46.391393505183], [7.54267861146381, 46.0640304259727], [7.41418918862911, 46.2620224258338], [7.43861126158436, 46.3062294436524], [7.42346067458107, 46.2688606995501], [7.41244086561932, 46.2566246802826], [7.42217137018697, 46.2429532238312], [7.41795361559056, 46.3560362686185], [9.42639371105179, 47.5000008340084], [9.4961604626054, 47.143567995687], [9.46278244364588, 47.042483395352], [9.60114209574818, 47.3717572227936], [9.48539641362158, 47.2296985239242], [9.49719235668727, 47.2279856546423], [9.64039715454833, 47.4377070386899], [9.62967388168359, 47.396926136802], [9.55949620539933, 47.3663392119517], [9.5793776110038, 47.3466272215204], [9.65442579313298, 47.39910843748], [9.46755521418002, 47.0388628673559], [6.23400304481107, 46.6046021456639], [6.19019047919298, 46.5754216632983], [6.15402942095828, 46.5516275363506], [6.42152100387094, 46.7214310799656], [6.42364583852745, 46.7225205512163], [8.50191379152143, 47.1806611814543], [8.5606959380052, 47.1707836234062], [8.51470272785011, 47.1972741523361], [8.51801151642015, 47.1996989770555], [7.44284114711585, 47.4599009922793], [7.5464600926031, 47.4891083160501], [7.45806271743241, 47.4887521531861], [7.55144104103808, 47.4915229435105], [7.54704988019014, 47.5050629905486], [7.43520285308361, 47.4539559564545], [7.55205028017769, 47.5096630771102], [7.45639071311279, 47.4883387001305], [7.56291556054009, 47.5184029721394], [7.51413437842754, 47.5058985687025], [7.44439480311666, 47.4788602844147], [7.55883889191641, 47.5121385448566], [6.4431277928275, 46.6379475856113], [6.35610581309125, 46.4988517470796], [6.36721547717009, 46.4970227966239], [6.14201816269499, 46.3099441582357], [6.5210334191235, 46.6219587214486], [6.61601694044299, 46.7656216870655], [6.43961535770317, 46.6371881436624], [6.39381757595595, 46.5463098680148], [6.39661424479079, 46.564949040134], [6.77842551560494, 46.5713672678029], [6.61536880295655, 46.6297235011078], [6.55475788741657, 46.7274796644091], [6.53665506359577, 46.6779764686424], [8.39634538820226, 46.9304013435118], [8.74736767652021, 47.3006560351186], [9.84857750426467, 46.5595057702312], [9.77075807649099, 46.5889731851251], [9.77623956756302, 46.5880417237077], [6.37456495631147, 46.5075277164965], [6.36036666044093, 46.526961191068], [7.03035541776247, 46.4320815802507], [7.07909469044028, 46.5457182499071], [7.22692294439824, 47.3413072819899], [6.99874067121454, 46.6983627301684], [7.16371773819937, 46.7676414047514], [7.00478955130036, 46.329561063174], [7.30927627553247, 46.1202260287365], [7.24091970052361, 46.2672497216433], [6.83805436488895, 46.621615452948], [7.39083581175951, 46.6992008447842], [7.32145008910965, 46.4752866374868], [7.15254589670488, 46.4058010824416], [6.76711980554254, 47.1208808744552], [6.6824165907209, 46.5472362356301], [6.92525911600304, 46.4812038592924], [6.91428456827579, 46.8389763984783], [10.1127385667419, 46.2993433699523], [10.3821580866313, 46.9492574277272], [10.3045435318934, 46.7347971353454], [8.89314818690246, 47.1937537763096], [8.9753528913893, 47.3997879647681], [9.49330991972183, 46.3897275979075], [9.43310112427911, 46.5316475704743], [9.89893984806471, 46.7395604420016], [9.82361500646248, 46.5212702011957], [9.22090695397931, 47.3330963129671], [8.88384923171949, 46.4687260703233], [9.66900185962661, 46.8213823397707], [9.36700936810491, 47.0428279464008], [8.80840588670373, 46.6146201357706], [9.05058801511209, 47.2589152542545], [8.94365521200379, 46.3246947455733], [9.29869517390441, 47.543344256342], [9.37281174749356, 47.3985423690674], [9.8275971519992, 46.8863748901928], [8.81463588664183, 47.3328700160005], [9.03964463846247, 46.5350172774931], [9.13662624535825, 47.4712551999028], [9.57922168813263, 46.5997481643413], [8.95926647018968, 46.6890739085408], [9.03137086849366, 46.1824515732411], [9.53847183301953, 47.4717143487351], [9.6633287027591, 46.461526928296], [9.12528054477152, 47.113356973679], [9.7542635890587, 47.0284222309405], [9.03968798615938, 46.8952884696287], [8.90594355709224, 47.5534258125428], [8.86148158328017, 46.1086585155691], [9.36014546388206, 46.6801967867894], [9.12721806134045, 46.7568553331737], [9.97059613571673, 46.5929178673022], [9.74518209003916, 46.6668808256196], [7.95257877742215, 47.1216841409309], [7.62390345957905, 47.3460028421402], [7.54336522072732, 46.7660711673591], [7.54406316213356, 47.1230991242617], [8.42362287546465, 47.3426522546028], [8.57810991068497, 47.4100175950631], [7.85858783631148, 46.9143303611822], [8.3287938919238, 46.7630282058983], [8.63802765029236, 46.5400346899527], [8.11626804678805, 47.5605413742442], [8.17080151062466, 46.6966813404884], [8.08545737215955, 46.1209746796491], [8.09405255522789, 46.8366542378217], [8.01310893175721, 46.6217681179235], [7.935941997877, 46.7675643504658], [8.17071044729978, 46.337022618141], [7.85590404917528, 46.5532124989304], [8.74831821064563, 47.4833527725224], [8.65434860446572, 47.2668697389955], [8.48037985378884, 46.4744928608592], [8.63584847591844, 46.1891165050298], [8.18064494935525, 47.4130086548346], [8.25245216358346, 46.9090964739342], [7.63579219804019, 46.9821159156173], [7.77630257860053, 46.3345932711226], [7.70486861590975, 46.8428279500675], [8.34950765164695, 47.4871771092794], [7.86403958796046, 47.265019193794], [7.47478417314368, 46.5552762869173], [7.78313437133803, 47.4126815488148], [8.6625253466868, 47.6238554845562], [8.65747968655688, 46.9089023358954], [7.55561393225547, 46.0457299974351], [8.41117853999615, 46.9757955925085], [8.56346567947095, 46.6906869881987], [8.02088629956576, 47.3440450433752], [8.016975226361, 46.9832289207179], [7.78085964916792, 47.0584586194198], [7.54802910784471, 47.4907077674965], [7.07899553695991, 46.3388166070337], [7.30718881956981, 46.986950494415], [7.0750619527938, 47.4182355576224], [7.30632243329099, 47.3386732718096], [7.23056136378448, 46.4083188361254], [7.39255611980583, 46.1234841519192], [7.39894096147587, 46.8431308792761], [7.38654776377591, 46.4818479616432], [6.68043507719405, 46.6887297636915], [7.07012280349805, 47.0536548312186], [6.76057692853424, 46.5529376265559], [7.23195373301741, 46.0425247676036], [6.53214283093742, 46.623639994721], [7.32113689513323, 46.619809668494], [6.14181916776553, 46.2529650343975], [10.4686297545074, 46.947181475714], [10.2092620890784, 46.664062669635], [8.97964742989367, 47.5483045282049], [9.3038641653905, 47.3317853990276], [8.95907481355136, 46.8294138004378], [8.96918182315034, 47.1849590441523], [9.06554842179748, 47.4073607069882], [8.9389381637603, 46.1067463594827], [9.37801800649414, 47.5415670122663], [9.04482074508817, 47.0477887220615], [8.894076913643, 47.3345944751092], [9.43869057944711, 47.0356804062336], [8.87755965582508, 46.2582733774377], [9.1297724175724, 47.2556123737415], [9.5251720643745, 46.8905531740731], [9.12725545609188, 46.9026495673466], [9.74517082669497, 46.8170983856439], [8.8121250509131, 47.1227793108206], [9.43690784349701, 46.681702379534], [8.82698276826748, 47.4824361227804], [9.0230958011979, 46.3281999442827], [9.19267426962554, 46.7567501438507], [9.21624683478121, 47.4716429149293], [9.27979413047991, 46.9722794057827], [9.36530081757113, 46.8246113792091], [9.45240345175912, 47.400835532507], [9.21751832372487, 47.112857053304], [9.37429525149201, 47.1866679514874], [9.09743105718917, 46.1742848018383], [8.41290597118186, 46.7580234776964], [8.26163739140208, 47.4158785226335], [8.58113302905304, 47.5510373133613], [8.63327005238185, 46.3244169793719], [8.51046272253532, 47.3407004302501], [7.94132857998629, 47.273801830516], [8.19089211246941, 47.2002496277444], [8.1048424537271, 46.9851269670969], [8.57273402817281, 46.8375150817662], [8.0218013838767, 46.7606903640873], [8.1002416792208, 47.3404875096367], [7.54364271344289, 46.9085844736539], [8.64933093846209, 47.0454796270465], [8.34560338254005, 47.2713308845513], [7.93742922735506, 46.9099482203222], [7.47221326975179, 46.6992059184217], [8.50443925102222, 47.7017211740445], [8.42012820474801, 47.1267937048952], [7.78679574320428, 47.2024141137321], [7.70327668785496, 47.340586500829], [7.86266062761273, 47.4159700285538], [7.62783028126185, 47.4906048964007], [7.71060742873657, 46.265899227128], [7.70153065912732, 46.9861848249962], [7.78788900398037, 46.1165214353199], [7.47566154045636, 47.4188011284953], [7.85981737996368, 47.0562442647491], [7.77917157439802, 46.8340402328969], [7.46770525392454, 46.3400582115916], [8.7356094233034, 47.12366793821], [8.74675351480636, 47.2626377966305], [7.79567511339528, 47.5540659864089], [7.62314196477929, 47.1257788643265], [8.57038738218588, 47.0464559022895], [8.47616306140096, 46.257556384903], [8.72076247978929, 46.1797909439165], [8.33470977665699, 47.1190352976769], [8.09843215873253, 47.1941421596738], [8.01851947012669, 47.126263865882], [8.17263947810843, 46.8318769020886], [6.45169013221083, 46.5510010323127], [7.07736796752155, 46.1205136362042], [7.30685090266454, 47.1246730286318], [7.14714669778167, 47.4114422019061], [6.60701768477918, 46.6242112342593], [6.931509801881, 46.4018619225144], [6.91498833657048, 46.7666010260093], [7.23706838916204, 46.9149228458029], [10.4398916149404, 46.5792057377675], [10.2987986433697, 46.8731670197249], [10.3694773043457, 46.7250900389085], [10.1386155680733, 46.8107354440515], [9.05942205300544, 47.5501130548118], [8.80587844058856, 46.7629909695797], [9.58374975024864, 46.3849116524284], [9.11072189187151, 46.5339941578948], [9.26491825286431, 46.6084197114157], [9.04844726139435, 47.1878811857663], [8.8128023518944, 47.2616804625052], [8.89800569754862, 47.4782342116076], [8.83546638103492, 47.6231536660899], [9.0334454905916, 46.6848214554077], [9.44421527968307, 47.1833831522756], [9.22121698117626, 47.6200203837376], [9.44378250911222, 46.8199230292349], [8.87510834728368, 46.4022582671702], [9.98512487571121, 46.7427181379495], [8.5077727260056, 47.4858239327762], [8.02090649956538, 46.4098583202412], [8.00791342832259, 46.0500924498163], [7.54565791046122, 46.18641158544], [8.10544029771529, 46.6225064908186], [7.95525220982774, 47.4085328723988], [8.18088131174951, 46.4788236936928], [7.71385430112762, 47.4904324157114], [8.57647761997811, 47.333574092799], [7.70504715097693, 47.1306734425444], [8.73696266789451, 47.4035301939338], [8.41646942607037, 47.2664339847767], [8.71639551150246, 46.5459737349777], [8.32524964132113, 46.5474731402646], [8.02010819715906, 47.27263998379], [7.86089594350018, 47.1932613577195], [8.35291818763934, 47.4138166152382], [7.15103864967696, 46.6903205451621], [6.53741622419399, 46.5516855018903], [7.16769524501506, 45.9758673212916], [6.8557895746804, 46.1875320350029], [7.15956042632106, 46.3389986660502], [6.99472264979259, 46.6225226197877], [6.8372201925673, 46.6966090054782], [6.60089018355984, 46.7601051650316], [7.30738446268635, 46.9068932752433], [6.15121615830073, 46.4039939060769], [6.21629085284429, 46.4018528285717], [6.83897079204728, 46.5484031409877], [6.77450410845698, 46.4806115690338], [6.92482520039681, 47.1219185920314], [7.23667964043043, 46.5465299602102], [6.37101042625344, 46.4697093231833], [7.39972425420379, 46.2671008867929], [7.30773148199596, 46.7643080438808], [7.32217694345168, 46.0458744592153], [7.39946781396971, 46.6234617576175], [7.30915505056747, 46.4112783588363], [10.3888359409705, 46.877072189546], [10.3003229887325, 46.655356766277], [10.0557669065435, 46.7353409553527], [10.041058346079, 46.381488776216], [8.90027230646078, 47.1216924222077], [9.02842713226396, 46.1032983963235], [8.85981966993106, 46.0373789026811], [8.78885773144012, 46.1873916773559], [9.60401817268466, 46.892759693572], [9.02706641633495, 46.4680367492983], [9.15040186417603, 47.5410776031431], [9.53407381154307, 47.3998152077238], [9.82376885697401, 46.8157905351419], [8.95600223539756, 46.2552510177936], [9.37025201040929, 46.962584480687], [9.61103061882069, 47.391114751374], [9.18550558163352, 46.5355510065176], [8.81661716380042, 47.4095886411375], [8.93817706898651, 45.8972883747455], [9.34451515037043, 46.6078077501685], [9.37906711362586, 47.3305454141736], [9.04462797133831, 46.8312940327162], [9.66057367571077, 46.389587152267], [9.21768463826344, 47.4051191261961], [9.66414552214603, 46.7442111472793], [9.80767818864807, 46.4502899262862], [8.87862162086504, 46.7620877960682], [8.95296197274517, 46.6120876785422], [8.97352309909926, 47.3362642478035], [9.29579145210373, 47.4697639185248], [9.89552981910893, 46.6647725826938], [9.76423087911988, 46.9548057932201], [7.71355666038534, 46.7676324093686], [7.78176050249148, 46.2672081507604], [8.40384605800441, 46.5421912845001], [8.66924642152732, 47.3399087933981], [8.01613890427824, 46.9054494402281], [7.7953570863307, 47.3463020901256], [8.55397578757078, 46.2572388979047], [8.10130105796796, 46.4094172877253], [8.49225772618755, 46.7573188833529], [8.00858310984054, 46.1923746021629], [7.54323387719382, 46.6983533135426], [7.46398952591314, 46.1149899615106], [7.7803869464191, 46.984267878834], [7.46436857084724, 46.2605558599191], [7.5442035957288, 47.1943739585794], [7.54491851116839, 47.554369096367], [8.4916644519544, 46.403164097578], [8.17464053596244, 46.978304446405], [7.78007888009774, 46.6173974999567], [8.72830207755453, 47.0457171919278], [8.18925110734373, 47.479332444481], [7.94019695963257, 46.3382773537715], [7.93875183897341, 47.0521856550542], [7.86558453844746, 46.8415583758635], [8.34201461622543, 47.5523106543757], [8.40996375341165, 46.908624465589], [8.56141048791394, 46.6176380216522], [8.81666240877882, 46.8990722294994], [6.52357899460971, 46.6875611100388], [7.38627432645445, 46.7649467636992], [7.08421678301674, 46.6176996908434], [7.2294520209623, 46.6962124669361], [6.99912755213954, 46.9142569796539], [6.99053024152162, 47.1283999810812], [7.31509714758943, 47.2748312290755], [6.91711800126712, 46.5463953607341], [6.6924285292011, 46.7668391535251], [7.16151648168635, 47.1960137790577], [6.84148733252095, 46.8415790517075], [7.38921408365348, 46.0425235097852], [7.24001069258825, 47.4156684054992], [7.3082527411047, 46.548703498391], [7.23219850413093, 45.9776952047718], [7.00950656251898, 46.4048554876442], [6.99430459690446, 46.7703104527763], [7.38661691738815, 46.4097750688456], [7.30911902539755, 46.1865049839447], [6.84123829489886, 46.3334316492911], [7.07785669020831, 45.903643103979], [7.30701412554551, 47.0582364068141], [7.15214701815649, 46.4813907747163], [6.45636686258296, 46.6949816489541], [6.6041965535992, 46.5447371771143], [10.3656255059349, 46.6542008415408], [10.2953299280822, 46.8074358159318], [10.4563222462017, 46.8732763198979], [9.01324173526514, 45.8965766608296], [8.99507574192745, 47.621447107428], [9.29103608861374, 47.2600158029763], [9.44779882108204, 46.96194388066], [9.20761948838024, 47.0453952767788], [8.80215056193027, 46.3267474914101], [9.11581666341957, 46.8229658958377], [9.74215801564495, 46.7467125295405], [9.044153260164, 46.975822096351], [9.04047606240143, 46.6159826558444], [8.96631069473205, 47.112152079632], [9.57691515914946, 46.3200414310879], [9.42261351590414, 46.6012272333297], [9.27184562587425, 46.5405081646862], [9.02866666619135, 46.2562503587516], [9.59652362097305, 47.0330545481997], [9.45433146428902, 47.4654462479453], [9.5223061593305, 46.8166195198255], [8.892034154384, 47.2596111712788], [9.05290434948444, 47.3355682522578], [8.93698227065482, 46.0354975103869], [9.07051136524047, 47.4785395048161], [9.37106242810194, 47.114741599361], [8.80719769001118, 47.0429145210846], [8.82049361589656, 47.5544758809313], [8.87627294218901, 46.1830472665757], [9.28564104241171, 46.8912057106186], [9.50502744492545, 46.4645190387476], [9.66952734023048, 46.8856068979308], [9.97832336074166, 46.6709219809782], [8.56431698435587, 46.7572250057042], [7.93676622185411, 46.838364974163], [7.47135028439051, 46.483312482103], [7.78126586082051, 47.1220523457034], [8.71460780684318, 46.4701328411044], [8.33714833167743, 46.4787657996101], [8.10808160491721, 46.910697055212], [8.09932265134201, 47.2662587483608], [8.16588273622023, 46.4042988328726], [7.46510403019688, 47.346463213341], [7.87235641245063, 46.9791984520981], [7.69782892556327, 46.1945849175359], [8.01005161286728, 46.3324591765882], [7.94234734072611, 46.1133740309887], [7.70290811801745, 47.2661576764685], [8.08622296868139, 46.1855063760178], [8.01389926502806, 46.6960512309382], [7.54281579875107, 46.481659216806], [7.78732042607998, 46.7706424603094], [7.62210566750492, 46.3383391940122], [8.67144206081259, 47.4841969036149], [8.70624080894902, 46.1122817649148], [7.86664599007023, 46.2625380478996], [7.70645881030977, 46.9147870959851], [7.46899676550518, 46.978062628302], [8.74695509512214, 47.6902506426393], [8.49469515513234, 46.5442358658256], [8.73187577812701, 47.193933127418], [8.02926696893782, 47.0575037726287], [7.62513697372682, 47.0590689075278], [8.51913322000043, 47.7689772679782], [8.63963164550885, 46.618216490266], [8.18982159416238, 47.1240131205069], [7.7897468153339, 46.4053576392292], [7.55229604756972, 46.3387815398486], [7.63441192856821, 46.6899753779019], [8.57200236039146, 47.1228872179876], [6.59860951233333, 46.9065143212947], [7.23168026609102, 46.1147670858945], [7.07210891032958, 46.7629943627604], [7.15139582613797, 46.6231693336985], [7.07918206080338, 46.4107829112315], [6.84385137530909, 46.481562509643], [7.14949025812942, 46.979510165847], [7.30790671440757, 46.6920205009626], [7.39925807509934, 46.9114503526483], [7.23029934999669, 46.4765953547624], [6.92723730320421, 46.6980645933586], [7.38979207627256, 47.2748870524263], [7.08427351340859, 46.0511347698532], [7.31458123682304, 46.3303237427503], [6.99535090497154, 46.5458905170547], [7.15835283482608, 47.3465128895919], [6.92527168243833, 46.3382244865578], [6.76391367424278, 46.6252485774282], [10.3157392750634, 46.9444017888413], [10.2932938311999, 46.591451345326], [10.0359523734047, 46.3009342254688], [10.0525710106337, 46.6681174424303], [10.3752957105504, 46.8054071883445], [10.1364301706229, 46.7302931267132], [8.89450860645053, 47.0497933683381], [8.97131013507728, 47.2592410215574], [9.42790798175069, 46.74507346664], [9.13231096537995, 47.3344303999687], [9.66041439925852, 46.6692672760968], [9.6831105588458, 47.0370804788989], [9.98064776024983, 46.8065482178028], [8.88960163120563, 46.6836117393495], [9.58334936227032, 46.454067324134], [9.05464879549592, 47.1197068831448], [8.95084449020986, 46.5363949554432], [9.52894192913085, 47.3251025421254], [8.79353532015324, 46.4750307011627], [9.73271468981674, 46.5248967528916], [9.5139296002081, 46.599355767447], [9.20659609526532, 47.1812239365029], [9.51488829393321, 46.9641402216916], [9.83376878316194, 46.7459331626445], [8.89592746968705, 47.4023459937435], [9.04852655117773, 46.7521168525751], [9.14074131551555, 47.1851497915091], [9.25646328615237, 46.3189809226431], [9.96376052693982, 46.4466625814694], [9.75362949662665, 46.8826940435955], [9.4546538087482, 47.1102012849889], [8.94185914168339, 46.1855585445432], [8.78371822219613, 46.1066884363007], [9.18315736097681, 46.4626956575529], [9.34643089091813, 46.5392810526543], [9.20791757654797, 46.8222881588869], [8.72909821638681, 46.9798011897411], [7.87062740034204, 46.7642138178382], [7.77989281153654, 46.9064960419058], [7.78222159616741, 47.2710935641327], [7.47751221539265, 47.1219805383026], [7.62216067128183, 46.8393384228373], [8.50178626921237, 46.9053258753994], [8.49148520932355, 47.0496264441161], [8.50232810004754, 47.4139148845609], [8.09669038944656, 47.0525316252658], [8.27002954947278, 47.1970158972714], [7.93807440740856, 46.9794258194437], [7.55692135191152, 46.9781315786918], [7.63113735251382, 46.1233294243147], [8.25023647635613, 46.762282083093], [8.01536208315104, 46.8330031046343], [7.9322218576115, 46.2581329791676], [8.1011162227627, 47.4109372035537], [7.7018763322773, 47.056714872431], [8.40220649570738, 46.4757046567228], [8.65300091260508, 47.1965372877018], [8.27319318178431, 47.4793784159734], [8.33471320351616, 46.6237224280745], [7.4754394918048, 46.7711686851988], [8.64462733495193, 46.4049428251166], [8.18087781605254, 46.9036995560781], [8.10537135438883, 46.6920898570818], [7.77542489530119, 46.1929050585173], [7.55390796859161, 47.3378010994461], [7.70366360391111, 47.4185033856], [8.64291219514863, 46.7596168889191], [8.26889552802871, 47.123946123976], [7.54308405890298, 46.6209018530376], [8.48734434660818, 46.3249442832], [8.25781949078387, 46.3997139674209], [7.46450016760083, 46.0461205545331], [8.65102437774166, 47.1203988554655], [8.49853728840249, 47.1260977069867], [8.57293975774819, 46.5436083850984], [8.3441268881087, 46.9744915744382], [8.48442303217369, 46.6874448231291], [7.46488781494281, 46.9070014586498], [8.86989561093423, 46.3303473067349], [9.21881233155139, 47.5483322967891], [9.13080589784989, 46.9745757204629], [8.33928118659631, 46.7638905667672], [9.22149656433466, 47.4691331398166], [7.48097018488837, 47.0453511827357], [7.40047718300419, 46.2477246417156], [7.03605330055298, 46.1691032174396], [8.09002614717097, 47.1952244500994], [7.94021789260561, 47.1794237605308], [9.06439222599009, 47.1319671271315], [8.40623733925607, 47.5741974979344], [7.58006900696854, 46.9195105187565], [7.65404124287337, 47.5735992321396], [8.11208181789461, 47.3308216948678], [8.92863539349514, 47.4509469584579], [6.13098895317805, 46.2848510921438], [8.41406059365034, 47.7028112671946], [8.32649731773342, 47.3860846861222], [9.62141847175342, 47.3882016123391], [8.53341428229873, 47.204222280869], [8.51309395242342, 47.6915861257329], [8.47890303979431, 47.585171371982], [8.07495439370624, 47.1141097777848], [8.21004725707573, 47.1127339933113], [7.35145067744112, 47.0497874269077], [6.43252936671585, 46.5112762758481], [8.3433244605446, 46.9760091966087], [7.94034380602695, 47.3898991718742], [7.3711635930396, 47.1343892455302], [7.50259817033163, 47.4159652014419], [8.68401668725496, 46.8723432027185], [9.04903146289243, 46.9802522039573], [7.9610643335462, 47.3810647667952], [8.93711382577593, 47.1825471342296], [8.37494112579716, 47.2011310798352], [9.61890491975775, 47.3892658287731], [6.57630678963398, 46.7207985403174], [9.46527217958954, 46.835372103755], [6.94349639382527, 46.7885335139215], [9.55481459258572, 46.9016529533566], [8.88232910843283, 46.1730462875009], [8.95923946977804, 45.856681393957], [9.49173096397311, 47.4041832568569], [9.30164064314611, 47.3609533603001], [9.8405370741399, 46.4956962278524], [8.87750244416333, 47.2303221150103], [7.44634942428366, 46.8688371803605], [6.89571836661761, 47.0187987028113], [8.13001893384255, 46.9006895357741], [9.42284117181263, 47.3258242288607], [8.62380621064718, 47.1411033660304], [6.43316113957969, 46.5748229661786], [6.01105124185698, 46.1761930185038], [8.18191775700963, 46.850735053533], [6.77450421865654, 46.4806025737418], [9.45275499518148, 47.2976387809974], [8.703594077741, 47.0427264669346], [9.55318060158994, 46.7693671350533], [7.06833950481376, 47.3444334767587], [6.84004338774375, 46.9490682538133], [7.09327672136677, 46.6054934351456], [7.60204029385287, 46.6670787294139], [7.35164708997486, 46.8880813314757], [7.61967035054926, 46.8511443209122], [9.08509877059746, 47.393346657875], [7.05869888003356, 46.0910637367696], [9.35384928547405, 47.5503897087392], [6.5581948485532, 46.7052589896811], [8.89400545095057, 47.5697048425284], [9.42326458445377, 47.323333683911], [9.43952140505862, 47.4971116237402], [8.81518010258162, 47.4421875939637], [8.1863483629671, 47.4096349222608], [8.59910544178947, 47.0008830054293], [8.38674768244035, 47.4495322947142], [7.43150418519556, 47.3482019362582], [8.93009848387748, 47.5202212239674], [8.38649110106628, 46.9636150708538], [7.75010668053003, 46.9487239361187], [9.05028194534226, 46.2214031966334], [7.89391940305171, 47.3073869015221], [7.88857337099182, 47.3462014026062], [7.81640549588744, 47.2463681882143], [7.71685930453976, 47.534765288975], [6.63192856482136, 46.7757656222152], [8.52562762951881, 47.3673104126161], [7.54123473636429, 47.407842614254], [8.645832135171, 47.3794928655006], [8.40341759921337, 47.4152412311139], [8.08832343305998, 47.3712628943842], [7.65960073065319, 46.6830747554114], [8.66926563695319, 47.1726514683478], [8.77337526983771, 46.1682414405854], [7.25339124025701, 46.978069948615], [8.64466326396664, 46.3591493538377], [8.67614112682237, 47.6001181103905], [8.26627490316855, 47.5643257060189], [6.99501766366101, 46.8777826750469], [8.26096679846139, 46.9105199505305], [9.05560211127822, 47.5975012996983], [7.48530955004344, 46.9207127250627], [6.93329069782625, 46.3250816846972], [8.48950925271411, 47.3988935048596], [7.88017643864622, 46.283653034266], [7.35181067683959, 46.2175085844345], [7.93038217552477, 47.2963627494639], [6.83664062078186, 46.4612838013667], [7.98982014146523, 47.5393199930346], [7.61794360290228, 47.5572561014208], [7.23780147205878, 47.1334241579197], [8.28098929266335, 47.1714166334764], [9.36886436933429, 47.4589234963717], [7.56323540496069, 47.1788569606313], [8.69525330635278, 47.3484622682533], [6.26931241022044, 46.4060014306939], [6.47794868631166, 46.4939105496374], [8.08348271846708, 47.3771634790066], [8.58065321537841, 47.529940367948], [9.19474783859986, 47.4702978463538], [7.95302829607667, 46.309343306077], [8.16943413210638, 47.4081150474828], [7.53033087859211, 47.1073787944483], [8.28431240942808, 47.0670003917782], [7.39087994806556, 47.3145622239372], [8.62776725788392, 46.8718619939812], [6.55262613452264, 46.5346312956003], [8.47690300688855, 47.5726240413058], [7.51769034869243, 47.1388343282357], [8.28528298624094, 47.0642675964268], [6.13620124389778, 46.1950600616703], [8.42245360305503, 47.2211095650126], [7.35360571893063, 47.3673827472411], [9.61050912911643, 46.9738049097327], [7.07742362022566, 46.6594091352723], [9.32651572539772, 47.3997038707055], [9.98875981324934, 46.6126188659179], [8.27743795213001, 47.0702262152678] ] }

